/*--------------------------------*- C++ -*----------------------------------*\
| =========                 |                                                 |
| \\      /  F ield         | OpenFOAM: The Open Source CFD Toolbox           |
|  \\    /   O peration     | Version:  2212                                  |
|   \\  /    A nd           | Website:  www.openfoam.com                      |
|    \\/     M anipulation  |                                                 |
\*---------------------------------------------------------------------------*/
FoamFile
{
    version     2.0;
    format      ascii;
    arch        "LSB;label=32;scalar=64";
    class       labelList;
    location    "constant/header/polyMesh";
    object      cellRegionAddressing;
}
// * * * * * * * * * * * * * * * * * * * * * * * * * * * * * * * * * * * * * //


9705
(
73201
73202
73203
73204
73205
73206
73207
73208
73209
73210
73211
73212
73213
73214
73215
73216
73217
73218
73219
73220
73221
73222
73223
73224
73225
73226
73227
73228
73229
73230
73231
73232
73233
73234
73235
73236
73238
73239
73240
73241
73242
73245
73246
73247
73248
73249
73252
73253
73254
73255
73256
73259
73260
73261
73262
73263
73266
73267
73268
73269
73270
73273
73274
73275
73276
73277
73280
73281
73282
73283
73284
73287
73343
73344
73345
73346
73347
73352
73353
73354
73355
73356
73362
73363
73364
73365
73366
73377
73378
73379
73380
73381
73392
73393
73394
73395
73396
73407
73408
73409
73410
73411
73412
73422
73423
73424
73425
73426
73427
73438
73439
73440
73441
73442
73443
73452
73453
73454
73455
73456
73457
73466
73467
73468
73469
73470
73471
73480
73481
73482
73483
73484
73485
73491
73492
73493
73494
73495
73496
73502
73503
73504
73505
73506
73507
73513
73514
73515
73516
73517
73518
73523
73524
73525
73526
73527
73528
73529
73530
73531
73532
73533
73534
73535
73536
73537
73538
73539
73540
73541
73542
73543
73544
73545
73546
73547
73552
73553
73554
73555
73556
73562
73563
73564
73565
73566
73578
73579
73580
73581
73582
73594
73595
73596
73597
73598
73610
73611
73612
73613
73614
73615
73626
73627
73628
73629
73630
73631
73642
73643
73644
73645
73646
73647
73656
73657
73658
73659
73660
73661
73670
73671
73672
73673
73674
73675
73684
73685
73686
73687
73688
73689
73695
73696
73697
73698
73699
73700
73706
73707
73708
73709
73710
73711
73717
73718
73719
73720
73721
73722
73728
73729
73730
73731
73732
73733
73734
73735
73736
73737
73738
73740
73741
73742
73743
73744
73745
73746
73747
73748
73749
73750
73752
73753
73754
73755
73756
73761
73762
73763
73764
73765
73771
73772
73773
73774
73775
73788
73789
73790
73791
73792
73804
73805
73806
73807
73808
73820
73821
73822
73823
73824
73825
73836
73837
73838
73839
73840
73841
73852
73853
73854
73855
73856
73857
73867
73868
73869
73870
73871
73872
73882
73883
73884
73885
73886
73887
73897
73898
73899
73900
73901
73902
73909
73910
73911
73912
73913
73914
73921
73922
73923
73924
73925
73926
73933
73934
73935
73936
73937
73938
73939
73940
73941
73942
73943
73945
73946
73947
73948
73949
73950
73951
73952
73953
73954
73955
73957
73958
73959
73960
73961
73962
73963
73964
73965
73966
73967
73969
73970
73971
73972
73973
73978
73979
73980
73981
73982
73987
73988
73989
73990
73991
74005
74006
74007
74008
74009
74021
74022
74023
74024
74025
74037
74038
74039
74040
74041
74042
74053
74054
74055
74056
74057
74058
74069
74070
74071
74072
74073
74074
74084
74085
74086
74087
74088
74089
74099
74100
74101
74102
74103
74104
74114
74115
74116
74117
74118
74119
74126
74127
74128
74129
74130
74131
74138
74139
74140
74141
74142
74143
74150
74151
74152
74153
74154
74155
74156
74157
74158
74159
74160
74162
74163
74164
74165
74166
74167
74168
74169
74170
74171
74172
74174
74175
74176
74177
74178
74179
74180
74181
74182
74183
74184
74186
74187
74188
74189
74190
74195
74196
74197
74198
74199
74204
74205
74206
74207
74208
74222
74223
74224
74225
74226
74240
74241
74242
74243
74244
74257
74258
74259
74260
74261
74262
74274
74275
74276
74277
74278
74279
74290
74291
74292
74293
74294
74295
74306
74307
74308
74309
74310
74311
74322
74323
74324
74325
74326
74327
74337
74338
74339
74340
74341
74342
74350
74351
74352
74353
74354
74355
74363
74364
74365
74366
74367
74368
74376
74377
74378
74379
74380
74381
74382
74383
74384
74385
74386
74389
74390
74391
74392
74393
74394
74395
74396
74397
74398
74399
74402
74403
74404
74405
74406
74411
74412
74413
74414
74415
74420
74421
74422
74423
74424
74439
74440
74441
74442
74443
74457
74458
74459
74460
74461
74462
74475
74476
74477
74478
74479
74480
74493
74494
74495
74496
74497
74498
74510
74511
74512
74513
74514
74515
74527
74528
74529
74530
74531
74532
74544
74545
74546
74547
74548
74549
74561
74562
74563
74564
74565
74566
74575
74576
74577
74578
74579
74580
74589
74590
74591
74592
74593
74594
74603
74604
74605
74606
74607
74608
74609
74610
74611
74612
74613
74617
74618
74619
74620
74621
74622
74623
74624
74625
74626
74627
74631
74632
74633
74634
74635
74640
74641
74642
74643
74644
74649
74650
74651
74652
74653
74668
74669
74670
74671
74672
74686
74687
74688
74689
74690
74691
74704
74705
74706
74707
74708
74709
74722
74723
74724
74725
74726
74727
74739
74740
74741
74742
74743
74744
74756
74757
74758
74759
74760
74761
74773
74774
74775
74776
74777
74778
74790
74791
74792
74793
74794
74795
74807
74808
74809
74810
74811
74812
74822
74823
74824
74825
74826
74827
74837
74838
74839
74840
74841
74842
74843
74844
74845
74846
74847
74852
74853
74854
74855
74856
74857
74858
74859
74860
74861
74862
74867
74868
74869
74870
74871
74876
74877
74878
74879
74880
74885
74886
74887
74888
74889
74904
74905
74906
74907
74908
74909
74922
74923
74924
74925
74926
74927
74940
74941
74942
74943
74944
74945
74958
74959
74960
74961
74962
74963
74976
74977
74978
74979
74980
74981
74994
74995
74996
74997
74998
74999
75012
75013
75014
75015
75016
75017
75030
75031
75032
75033
75034
75035
75048
75049
75050
75051
75052
75053
75066
75067
75068
75069
75070
75071
75072
75073
75074
75075
75076
75084
75085
75086
75087
75088
75089
75090
75091
75092
75093
75094
75102
75103
75104
75105
75106
75107
75108
75109
75110
75111
75112
75120
75121
75122
75123
75124
75129
75130
75131
75132
75133
75138
75139
75140
75141
75142
75143
75157
75158
75159
75160
75161
75162
75175
75176
75177
75178
75179
75180
75193
75194
75195
75196
75197
75198
75211
75212
75213
75214
75215
75216
75229
75230
75231
75232
75233
75234
75247
75248
75249
75250
75251
75252
75265
75266
75267
75268
75269
75270
75283
75284
75285
75286
75287
75288
75301
75302
75303
75304
75305
75306
75319
75320
75321
75322
75323
75324
75325
75326
75327
75328
75329
75337
75338
75339
75340
75341
75342
75343
75344
75345
75346
75347
75355
75356
75357
75358
75359
75364
75365
75366
75367
75368
75369
75373
75374
75375
75376
75377
75378
75392
75393
75394
75395
75396
75397
75410
75411
75412
75413
75414
75415
75428
75429
75430
75431
75432
75433
75446
75447
75448
75449
75450
75451
75464
75465
75466
75467
75468
75469
75482
75483
75484
75485
75486
75487
75500
75501
75502
75503
75504
75505
75518
75519
75520
75521
75522
75523
75536
75537
75538
75539
75540
75541
75542
75543
75544
75545
75546
75554
75555
75556
75557
75558
75559
75560
75561
75562
75563
75564
75572
75573
75574
75575
75576
75577
75578
75579
75580
75581
75582
75590
75591
75592
75593
75594
75595
75599
75600
75601
75602
75603
75604
75608
75609
75610
75611
75612
75613
75629
75630
75631
75632
75633
75634
75650
75651
75652
75653
75654
75655
75670
75671
75672
75673
75674
75675
75690
75691
75692
75693
75694
75695
75710
75711
75712
75713
75714
75715
75730
75731
75732
75733
75734
75735
75748
75749
75750
75751
75752
75753
75766
75767
75768
75769
75770
75771
75784
75785
75786
75787
75788
75789
75790
75791
75792
75793
75794
75802
75803
75804
75805
75806
75807
75808
75809
75810
75811
75812
75820
75821
75822
75823
75824
75825
75829
75830
75831
75832
75833
75834
75838
75839
75840
75841
75842
75843
75859
75860
75861
75862
75863
75864
75880
75881
75882
75883
75884
75885
75900
75901
75902
75903
75904
75905
75920
75921
75922
75923
75924
75925
75940
75941
75942
75943
75944
75945
75960
75961
75962
75963
75964
75965
75978
75979
75980
75981
75982
75983
75996
75997
75998
75999
76000
76001
76002
76003
76004
76005
76006
76014
76015
76016
76017
76018
76019
76020
76021
76022
76023
76024
76032
76033
76034
76035
76036
76037
76038
76039
76040
76041
76042
76050
76051
76052
76053
76054
76055
76056
76060
76061
76062
76063
76064
76065
76069
76070
76071
76072
76073
76074
76090
76091
76092
76093
76094
76095
76111
76112
76113
76114
76115
76116
76131
76132
76133
76134
76135
76136
76151
76152
76153
76154
76155
76156
76171
76172
76173
76174
76175
76176
76191
76192
76193
76194
76195
76196
76209
76210
76211
76212
76213
76214
76215
76216
76217
76218
76219
76227
76228
76229
76230
76231
76232
76233
76234
76235
76236
76237
76245
76246
76247
76248
76249
76250
76251
76252
76253
76254
76255
76263
76264
76265
76266
76267
76268
76269
76273
76274
76275
76276
76277
76278
76282
76283
76284
76285
76286
76287
76303
76304
76305
76306
76307
76308
76324
76325
76326
76327
76328
76329
76344
76345
76346
76347
76348
76349
76364
76365
76366
76367
76368
76369
76384
76385
76386
76387
76388
76389
76404
76405
76406
76407
76408
76409
76410
76411
76412
76413
76414
76424
76425
76426
76427
76428
76429
76430
76431
76432
76433
76434
76444
76445
76446
76447
76448
76449
76450
76451
76452
76453
76454
76464
76465
76466
76467
76468
76469
76470
76474
76475
76476
76477
76478
76479
76483
76484
76485
76486
76487
76488
76504
76505
76506
76507
76508
76509
76525
76526
76527
76528
76529
76530
76545
76546
76547
76548
76549
76550
76565
76566
76567
76568
76569
76570
76585
76586
76587
76588
76589
76590
76591
76592
76593
76594
76595
76605
76606
76607
76608
76609
76610
76611
76612
76613
76614
76615
76625
76626
76627
76628
76629
76630
76631
76632
76633
76634
76635
76645
76646
76647
76648
76649
76650
76651
76652
76653
76654
76655
76665
76666
76667
76668
76669
76670
76671
76675
76676
76677
76678
76679
76680
76684
76685
76686
76687
76688
76689
76706
76707
76708
76709
76710
76711
76728
76729
76730
76731
76732
76733
76750
76751
76752
76753
76754
76755
76772
76773
76774
76775
76776
76777
76778
76779
76780
76781
76782
76792
76793
76794
76795
76796
76797
76798
76799
76800
76801
76802
76812
76813
76814
76815
76816
76817
76818
76819
76820
76821
76822
76832
76833
76834
76835
76836
76837
76838
76839
76840
76841
76842
76852
76853
76854
76855
76856
76857
76858
76862
76863
76864
76865
76866
76867
76871
76872
76873
76874
76875
76876
76893
76894
76895
76896
76897
76898
76915
76916
76917
76918
76919
76920
76937
76938
76939
76940
76941
76942
76943
76944
76945
76946
76947
76959
76960
76961
76962
76963
76964
76965
76966
76967
76968
76969
76979
76980
76981
76982
76983
76984
76985
76986
76987
76988
76989
76999
77000
77001
77002
77003
77004
77005
77006
77007
77008
77009
77019
77020
77021
77022
77023
77024
77025
77029
77030
77031
77032
77033
77034
77038
77039
77040
77041
77042
77043
77060
77061
77062
77063
77064
77065
77066
77067
77068
77069
77070
77082
77083
77084
77085
77086
77087
77088
77089
77090
77091
77092
77104
77105
77106
77107
77108
77109
77110
77111
77112
77113
77114
77126
77127
77128
77129
77130
77131
77132
77133
77134
77135
77136
77146
77147
77148
77149
77150
77151
77152
77156
77157
77158
77159
77160
77161
77162
77163
77164
77165
77166
77167
77168
77169
77170
77171
77172
77173
77174
77175
77187
77188
77189
77190
77191
77192
77193
77194
77195
77196
77197
77209
77210
77211
77212
77213
77214
77215
77216
77217
77218
77219
77231
77232
77233
77234
77235
77236
77237
77238
77239
77240
77241
77253
77254
77255
77256
77257
77258
77259
77260
77261
77262
77263
77264
77265
77266
77267
77268
77269
77270
77271
77272
77273
77274
77275
77276
77277
77278
77279
77280
77281
77282
77294
77295
77296
77297
77298
77299
77300
77301
77302
77303
77304
77316
77317
77318
77319
77320
77321
77322
77323
77324
77325
77326
77327
77328
77329
77330
77331
77332
77333
77334
77335
77336
77337
77338
77339
77340
77341
77342
77344
77345
77346
77347
77348
77349
77351
77352
77353
77354
77355
77356
77358
77359
77360
77361
77362
77363
77365
77366
77367
77368
77369
77370
77371
77372
77373
77374
77375
77376
77377
77378
77379
77380
77381
77382
77383
77384
77385
77386
77387
77388
77389
77390
77391
77392
77393
77394
77395
77396
77397
77398
77399
77400
77401
77402
77403
77404
77405
77407
77408
77409
77410
77411
77412
77416
77417
77418
77419
77420
77421
77428
77429
77430
77431
77432
77433
77440
77441
77442
77443
77444
77445
77451
77452
77453
77454
77455
77456
77462
77463
77464
77465
77466
77467
77472
77473
77474
77475
77476
77477
77478
77479
77480
77481
77482
77483
77484
77485
77486
77487
77488
77489
77490
77491
77492
77493
77494
77495
77496
77497
77498
77499
77500
77501
77502
77503
77504
77505
77506
77507
77508
77509
77510
77511
77512
77514
77515
77516
77517
77518
77519
77523
77524
77525
77526
77527
77528
77536
77537
77538
77539
77540
77541
77549
77550
77551
77552
77553
77554
77560
77561
77562
77563
77564
77565
77571
77572
77573
77574
77575
77576
77582
77583
77584
77585
77586
77587
77592
77593
77594
77595
77596
77597
77598
77599
77600
77601
77602
77603
77604
77605
77606
77607
77608
77609
77610
77611
77612
77613
77614
77615
77616
77627
77628
77629
77630
77631
77653
77654
77655
77656
77657
77669
77670
77671
77672
77673
77698
77699
77700
77701
77702
77715
77716
77717
77718
77719
77747
77748
77749
77750
77751
77764
77765
77766
77767
77768
77799
77800
77801
77802
77803
77816
77817
77818
77819
77820
77852
77853
77854
77855
77856
77869
77870
77871
77872
77873
77907
77908
77909
77910
77911
77924
77925
77926
77927
77928
77962
77963
77964
77965
77966
77979
77980
77981
77982
77983
78017
78018
78019
78020
78021
78034
78035
78036
78037
78038
78072
78073
78074
78075
78076
78089
78090
78091
78092
78093
78127
78128
78129
78130
78131
78144
78145
78146
78147
78148
78149
78184
78185
78186
78187
78188
78189
78201
78202
78203
78204
78205
78206
78241
78242
78243
78244
78245
78246
78258
78259
78260
78261
78262
78297
78298
78299
78300
78301
78302
78314
78315
78316
78317
78318
78360
78361
78362
78363
78364
78365
78377
78378
78379
78380
78381
78417
78418
78419
78420
78421
78422
78434
78435
78436
78437
78438
78474
78475
78476
78477
78478
78479
78491
78492
78493
78494
78495
78531
78532
78533
78534
78535
78536
78548
78549
78550
78551
78552
78588
78589
78590
78591
78592
78593
78605
78606
78607
78608
78609
78633
78634
78645
78646
78647
78648
78649
78650
78651
78652
78653
78654
78655
78662
78663
78664
78665
78666
78667
78668
78669
78670
78671
78680
78681
78690
78691
78702
78703
78704
78705
78706
78707
78708
78709
78710
78711
78712
78719
78720
78721
78722
78723
78724
78725
78726
78727
78728
78737
78738
78747
78748
79925
79932
79939
79975
79982
79989
80029
80036
80086
80094
90365
90366
90367
90373
90374
90375
90376
90377
90378
90379
90385
90386
90387
90388
90389
90390
90391
90392
90393
90394
90395
90401
90402
90408
90409
90415
90416
90417
90418
90424
90425
90426
90427
90434
90435
90436
90437
90444
90445
90446
90447
90454
90455
90456
90457
90480
90487
90494
90501
90508
90516
90524
90525
90526
90527
90528
90529
90530
90531
90532
90533
90534
90535
90536
90537
90538
90539
90540
90541
90542
90543
90544
90545
90546
90547
90548
90549
90550
90551
90552
90553
90554
90555
90556
90557
90558
90559
90560
90561
90562
90563
90564
90567
90568
90569
90570
90571
90572
90573
90574
90575
90576
90577
90578
90579
90580
90581
90582
90583
90584
90585
90586
90587
90588
90589
90590
90591
90592
90593
90594
90595
90596
90597
90598
90599
90600
90601
90602
90603
90604
90605
90606
90607
90608
90609
90610
90611
90612
90613
90614
90615
90616
90617
90618
90619
90620
90621
90622
90623
90624
90625
90626
90627
90628
90629
90630
90631
90632
90633
90634
90635
90636
90637
90638
90639
90640
90641
90642
90643
90644
90653
90654
90665
90666
90667
90668
90669
90670
90681
90682
90683
90684
90685
90686
90698
90699
90700
90701
90702
90703
90715
90716
90717
90718
90719
90720
90732
90733
90734
90735
90736
90737
90738
90739
90740
90741
90742
90749
90750
90751
90752
90753
90754
90755
90756
90757
90758
90759
90767
90768
90769
90770
90771
90772
90773
90774
90775
90776
90777
90785
90786
90787
90788
90789
90790
90791
90792
90793
90794
90795
90803
90804
90805
90806
90807
90808
90809
90810
90811
90812
90813
90829
90830
90842
90843
90844
90845
90846
90847
90859
90860
90861
90862
90863
90864
90876
90877
90878
90879
90880
90881
90893
90894
90895
90896
90897
90898
90910
90911
90912
90913
90914
90915
90927
90928
90929
90930
90931
90932
90945
90946
90947
90948
90949
90950
90951
90952
90953
90954
90955
90963
90964
90965
90966
90967
90968
90969
90970
90971
90972
90973
90981
90982
90983
90984
90985
90986
90987
90988
90989
90990
90991
90999
91000
91001
91002
91003
91004
91005
91006
91007
91008
91009
91025
91026
91038
91039
91040
91041
91042
91043
91055
91056
91057
91058
91059
91060
91072
91073
91074
91075
91076
91077
91090
91091
91092
91093
91094
91095
91108
91109
91110
91111
91112
91113
91126
91127
91128
91129
91130
91131
91144
91145
91146
91147
91148
91149
91162
91163
91164
91165
91166
91167
91180
91181
91182
91183
91184
91185
91186
91187
91188
91189
91190
91198
91199
91200
91201
91202
91203
91204
91205
91206
91207
91208
91216
91217
91218
91219
91220
91221
91222
91223
91224
91225
91226
91236
91237
91238
91239
91240
91241
91242
91243
91244
91245
91246
91264
91265
91277
91278
91279
91280
91281
91282
91294
91295
91296
91297
91298
91299
91311
91312
91313
91314
91315
91316
91329
91330
91331
91332
91333
91334
91347
91348
91349
91350
91351
91352
91365
91366
91367
91368
91369
91370
91383
91384
91385
91386
91387
91388
91401
91402
91403
91404
91405
91406
91419
91420
91421
91422
91423
91424
91437
91438
91439
91440
91441
91442
91443
91444
91445
91446
91447
91455
91456
91457
91458
91459
91460
91461
91462
91463
91464
91465
91475
91476
91477
91478
91479
91480
91481
91482
91483
91484
91485
91495
91496
91497
91498
91499
91500
91501
91502
91503
91504
91505
91531
91532
91544
91545
91546
91547
91548
91549
91561
91562
91563
91564
91565
91566
91578
91579
91580
91581
91582
91583
91596
91597
91598
91599
91600
91601
91614
91615
91616
91617
91618
91619
91632
91633
91634
91635
91636
91637
91650
91651
91652
91653
91654
91655
91668
91669
91670
91671
91672
91673
91686
91687
91688
91689
91690
91691
91704
91705
91706
91707
91708
91709
91722
91723
91724
91725
91726
91727
91728
91729
91730
91731
91732
91742
91743
91744
91745
91746
91747
91748
91749
91750
91751
91752
91762
91763
91764
91765
91766
91767
91768
91769
91770
91771
91772
91782
91783
91784
91785
91786
91787
91788
91789
91790
91791
91792
91818
91819
91831
91832
91833
91834
91835
91836
91848
91849
91850
91851
91852
91853
91865
91866
91867
91868
91869
91870
91883
91884
91885
91886
91887
91888
91901
91902
91903
91904
91905
91906
91919
91920
91921
91922
91923
91924
91937
91938
91939
91940
91941
91942
91955
91956
91957
91958
91959
91960
91973
91974
91975
91976
91977
91978
91991
91992
91993
91994
91995
91996
92009
92010
92011
92012
92013
92014
92029
92030
92031
92032
92033
92034
92035
92036
92037
92038
92039
92049
92050
92051
92052
92053
92054
92055
92056
92057
92058
92059
92069
92070
92071
92072
92073
92074
92075
92076
92077
92078
92079
92105
92106
92118
92119
92120
92121
92122
92123
92135
92136
92137
92138
92139
92140
92152
92153
92154
92155
92156
92157
92170
92171
92172
92173
92174
92175
92188
92189
92190
92191
92192
92193
92206
92207
92208
92209
92210
92211
92224
92225
92226
92227
92228
92229
92242
92243
92244
92245
92246
92247
92260
92261
92262
92263
92264
92265
92278
92279
92280
92281
92282
92283
92296
92297
92298
92299
92300
92301
92316
92317
92318
92319
92320
92321
92336
92337
92338
92339
92340
92341
92342
92343
92344
92345
92346
92356
92357
92358
92359
92360
92361
92362
92363
92364
92365
92366
92376
92377
92378
92379
92380
92381
92382
92383
92384
92385
92386
92412
92413
92425
92426
92427
92428
92429
92430
92442
92443
92444
92445
92446
92447
92459
92460
92461
92462
92463
92464
92477
92478
92479
92480
92481
92482
92495
92496
92497
92498
92499
92500
92513
92514
92515
92516
92517
92518
92531
92532
92533
92534
92535
92536
92549
92550
92551
92552
92553
92554
92568
92569
92570
92571
92572
92573
92587
92588
92589
92590
92591
92592
92606
92607
92608
92609
92610
92611
92626
92627
92628
92629
92630
92631
92646
92647
92648
92649
92650
92651
92666
92667
92668
92669
92670
92671
92672
92673
92674
92675
92676
92686
92687
92688
92689
92690
92691
92692
92693
92694
92695
92696
92706
92707
92708
92709
92710
92711
92712
92713
92714
92715
92716
92748
92761
92762
92763
92764
92765
92778
92779
92780
92781
92782
92795
92796
92797
92798
92799
92800
92813
92814
92815
92816
92817
92818
92831
92832
92833
92834
92835
92836
92849
92850
92851
92852
92853
92854
92867
92868
92869
92870
92871
92872
92885
92886
92887
92888
92889
92890
92904
92905
92906
92907
92908
92909
92923
92924
92925
92926
92927
92928
92942
92943
92944
92945
92946
92947
92962
92963
92964
92965
92966
92967
92982
92983
92984
92985
92986
92987
93002
93003
93004
93005
93006
93007
93022
93023
93024
93025
93026
93027
93028
93029
93030
93031
93032
93042
93043
93044
93045
93046
93047
93048
93049
93050
93051
93052
93084
93097
93098
93099
93100
93101
93114
93115
93116
93117
93118
93131
93132
93133
93134
93135
93149
93150
93151
93152
93153
93167
93168
93169
93170
93171
93172
93185
93186
93187
93188
93189
93190
93203
93204
93205
93206
93207
93208
93221
93222
93223
93224
93225
93226
93240
93241
93242
93243
93244
93245
93259
93260
93261
93262
93263
93264
93278
93279
93280
93281
93282
93283
93298
93299
93300
93301
93302
93303
93318
93319
93320
93321
93322
93323
93338
93339
93340
93341
93342
93343
93358
93359
93360
93361
93362
93363
93364
93365
93366
93367
93368
93378
93379
93380
93381
93382
93383
93384
93385
93386
93387
93388
93398
93399
93400
93401
93402
93403
93404
93405
93406
93407
93408
93440
93453
93454
93455
93456
93457
93470
93471
93472
93473
93474
93487
93488
93489
93490
93491
93505
93506
93507
93508
93509
93523
93524
93525
93526
93527
93541
93542
93543
93544
93545
93546
93559
93560
93561
93562
93563
93564
93577
93578
93579
93580
93581
93582
93596
93597
93598
93599
93600
93601
93615
93616
93617
93618
93619
93620
93634
93635
93636
93637
93638
93639
93654
93655
93656
93657
93658
93659
93674
93675
93676
93677
93678
93679
93694
93695
93696
93697
93698
93699
93714
93715
93716
93717
93718
93719
93734
93735
93736
93737
93738
93739
93740
93741
93742
93743
93744
93746
93747
93748
93749
93750
93751
93752
93753
93754
93755
93756
93780
93793
93794
93795
93796
93797
93810
93811
93812
93813
93814
93827
93828
93829
93830
93831
93845
93846
93847
93848
93849
93863
93864
93865
93866
93867
93881
93882
93883
93884
93885
93899
93900
93901
93902
93903
93904
93917
93918
93919
93920
93921
93922
93936
93937
93938
93939
93940
93941
93955
93956
93957
93958
93959
93960
93974
93975
93976
93977
93978
93979
93993
93994
93995
93996
93997
93998
94012
94013
94014
94015
94016
94017
94022
94023
94024
94025
94026
94027
94032
94033
94034
94035
94036
94037
94042
94043
94044
94045
94046
94047
94048
94049
94050
94051
94052
94053
94054
94055
94056
94057
94058
94059
94060
94061
94062
94063
94064
94065
94066
94067
94068
94069
94070
94071
94094
94107
94108
94109
94110
94111
94124
94125
94126
94127
94128
94141
94142
94143
94144
94145
94159
94160
94161
94162
94163
94177
94178
94179
94180
94181
94195
94196
94197
94198
94199
94213
94214
94215
94216
94217
94231
94232
94233
94234
94235
94236
94247
94248
94249
94250
94251
94252
94263
94264
94265
94266
94267
94268
94278
94279
94280
94281
94282
94283
94293
94294
94295
94296
94297
94298
94308
94309
94310
94311
94312
94313
94318
94319
94320
94321
94322
94323
94328
94329
94330
94331
94332
94333
94338
94339
94340
94341
94342
94343
94348
94349
94350
94351
94352
94353
94354
94355
94372
94385
94386
94387
94388
94389
94402
94403
94404
94405
94406
94419
94420
94421
94422
94423
94437
94438
94439
94440
94441
94455
94456
94457
94458
94459
94473
94474
94475
94476
94477
94491
94492
94493
94494
94495
94509
94510
94511
94512
94513
94514
94525
94526
94527
94528
94529
94530
94541
94542
94543
94544
94545
94546
94556
94557
94558
94559
94560
94561
94571
94572
94573
94574
94575
94576
94602
94615
94616
94617
94618
94619
94632
94633
94634
94635
94636
94649
94650
94651
94652
94653
94667
94668
94669
94670
94671
94685
94686
94687
94688
94689
94703
94704
94705
94706
94707
94721
94722
94723
94724
94725
94739
94740
94741
94742
94743
94755
94756
94757
94758
94759
94760
94771
94772
94773
94774
94775
94776
94809
94810
94811
94812
94813
94826
94827
94828
94829
94830
94843
94844
94845
94846
94847
94861
94862
94863
94864
94865
94879
94880
94881
94882
94883
94897
94898
94899
94900
94901
94915
94916
94917
94918
94919
94933
94934
94935
94936
94937
94949
94950
94951
94952
94953
94954
96197
96198
96199
96200
96201
96202
96203
96204
96205
96206
96207
96208
96209
96210
96211
96212
96213
96214
96219
96220
96221
96222
96223
96224
96229
96230
96231
96232
96233
96234
96239
96240
96241
96242
96243
96244
96249
96250
96251
96252
96253
96254
96255
96256
96257
96258
96259
96260
96261
96262
96263
96264
96265
96266
96267
96268
96269
96270
96271
96272
96273
96274
96279
96280
96281
96282
96283
96284
96289
96290
96291
96292
96293
96294
96299
96300
96301
96302
96303
96304
96309
96310
96311
96312
96313
96314
96319
96320
96321
96322
96323
96324
96329
96330
96331
96332
96333
96334
96335
96336
96337
96338
96339
96340
96341
96342
96343
96344
96345
96346
96347
96348
96349
96350
96351
96352
96353
96354
96361
96362
96363
96364
96365
96366
96373
96374
96375
96376
96538
96550
96562
96652
96663
96752
96763
96842
96851
113730
113731
113732
113733
113734
113735
113736
113737
113738
113739
113740
113746
113747
113748
113749
113750
113751
113752
113753
113754
113755
113756
113762
113763
113764
113765
113766
113767
113768
113769
113770
113771
113772
113778
113779
113780
113781
113782
113783
113784
113785
113786
113787
113788
113789
113790
113791
113792
113793
113794
113800
113801
113802
113803
113804
113805
113806
113807
113808
113809
113810
113816
113817
113818
113819
113820
113821
113822
113823
113824
113825
113826
113832
113833
113834
113835
113836
113837
113838
113839
113840
113841
113842
113848
113849
113850
113851
113852
113853
113854
113855
113856
113857
113858
113864
113865
113866
113867
113868
113869
113870
113871
113872
113873
113874
113875
113876
113877
113878
113879
113880
113882
113883
113884
113885
113886
113887
113888
113889
113890
113891
113892
113898
113899
113900
113901
113902
113903
113904
113905
113906
113907
113908
113914
113915
113916
113917
113918
113919
113920
113921
113922
113923
113924
113930
113931
113932
113933
113934
113935
113946
113947
113948
113949
113950
113951
113955
113956
113957
113958
113959
113960
113975
113976
113977
113978
113979
113980
113990
113991
113992
113993
113994
113995
113998
113999
114000
114001
114002
114003
114005
114006
114007
114008
114009
114010
114011
114012
114013
114014
114015
114016
114017
114018
114019
114020
114026
114027
114028
114029
114030
114031
114032
114033
114034
114035
114036
114037
114038
114039
114051
114052
114053
114054
114055
114056
114057
114058
114059
114060
114061
114062
114063
114064
114065
114066
114067
114068
114069
114070
114071
114072
114073
114074
114075
114076
114077
114082
114083
114084
114085
114086
114087
114090
114091
114092
114093
114101
114102
114103
114104
114105
114106
114117
114118
114119
114120
114121
114122
114133
114134
114135
114136
114137
114138
114149
114150
114151
114152
114153
114154
114165
114166
114167
114168
114169
114170
114173
114174
114175
114176
114177
114178
114179
114180
114181
114182
114192
114193
114194
114195
114196
114197
114207
114208
114209
114210
114211
114212
114223
114224
114225
114226
114227
114228
114239
114240
114241
114242
114243
114244
114255
114256
114257
114258
114259
114260
114263
114264
114265
114266
114267
114268
114269
114270
114271
114272
114282
114283
114284
114285
114286
114287
114297
114298
114299
114300
114301
114302
114313
114314
114315
114316
114317
114318
114329
114330
114331
114332
114333
114334
114345
114346
114347
114348
114349
114350
114353
114354
114355
114356
114357
114358
114359
114360
114361
114362
114372
114373
114374
114375
114376
114377
114387
114388
114389
114390
114391
114392
114403
114404
114405
114406
114407
114408
114419
114420
114421
114422
114423
114424
114435
114436
114437
114438
114439
114440
114443
114444
114445
114446
114447
114448
114449
114450
114451
114452
114463
114464
114465
114466
114467
114468
114479
114480
114481
114482
114483
114484
114495
114496
114497
114498
114499
114500
114511
114512
114513
114514
114515
114516
114519
114520
114521
114522
114523
114524
114527
114528
114529
114530
114531
114532
114533
114534
114535
114536
114547
114548
114549
114550
114551
114552
114563
114564
114565
114566
114567
114568
114579
114580
114581
114582
114583
114584
114595
114596
114597
114598
114599
114600
114603
114604
114605
114606
114607
114608
114611
114612
114613
114614
114615
114616
114617
114618
114619
114620
114631
114632
114633
114634
114635
114636
114647
114648
114649
114650
114651
114652
114663
114664
114665
114666
114667
114668
114679
114680
114681
114682
114683
114684
114687
114688
114689
114690
114691
114692
114695
114696
114697
114698
114699
114700
114701
114702
114703
114704
114715
114716
114717
114718
114719
114720
114731
114732
114733
114734
114735
114736
114747
114748
114749
114750
114751
114752
114755
114756
114757
114758
114759
114760
114763
114764
114765
114766
114767
114768
114769
114770
114771
114783
114784
114785
114786
114787
114799
114800
114801
114802
114803
114809
114810
114811
114812
114813
114817
114818
114819
114820
114821
114825
114826
114827
114828
114829
114830
114831
114832
114833
114845
114846
114847
114848
114849
114855
114856
114857
114858
114859
114863
114864
114865
114866
114867
114871
114872
114873
114874
114875
114876
114877
114878
114879
114891
114892
114893
114894
114895
114901
114902
114903
114904
114905
114909
114910
114911
114912
114913
114917
114918
114919
114920
114921
114922
114923
114924
114925
114931
114932
114933
114934
114935
114939
114940
114941
114942
114943
114947
114948
114949
114950
114951
114952
114953
114954
114955
114961
114962
114963
114964
114965
114969
114970
114971
114972
114973
114977
114978
114979
114980
114981
114982
114983
114984
114985
114989
114990
114991
114992
114993
114997
114998
114999
115000
115001
115002
115003
115004
115005
115009
115010
115011
115012
115013
115017
115018
115019
115020
115021
115022
115023
115024
115025
115026
115027
115028
115029
115030
115031
115032
116253
116254
116255
116256
116257
116258
116259
116260
116261
116262
116263
116266
116267
116268
116269
116270
116273
116274
116275
116276
116277
116278
116279
116280
116281
116282
116283
116284
116285
116286
116287
116288
116289
116290
116291
116292
116293
116294
116295
116296
116297
116298
116299
116300
116301
116302
116303
116304
116305
116306
116307
116308
116309
116310
116311
116312
116313
116314
116315
116316
116317
116318
116319
116320
116321
116322
116323
116324
116325
116326
116327
116328
116329
116330
116331
116332
116333
116334
116335
116336
116337
116338
116339
116340
116341
116342
116343
116344
116345
116346
116347
116348
116349
116350
116351
116352
116353
116354
116355
116356
116357
116358
116359
116360
116364
116373
116374
116376
116377
116379
116380
116383
116384
116387
116388
116395
116396
116397
116398
116399
116400
116401
116402
116403
116404
116405
116407
116408
116409
116410
116411
116412
116413
116414
116415
116416
116417
116419
116420
116421
116422
116423
116424
116425
116426
116427
116428
116429
116431
116432
116433
116434
116435
116436
116437
116438
116439
116440
116441
116444
116445
116446
116447
116448
116449
116457
116458
116459
116460
116461
116462
116470
116471
116472
116473
116474
116475
116483
116484
116485
116486
116487
116488
116489
116490
116491
116492
116493
116495
116496
116497
116498
116499
116500
116501
116502
116503
116504
116505
116507
116508
116509
116510
116511
116512
116513
116514
116515
116516
116517
116519
116520
116521
116522
116523
116524
116525
116526
116527
116528
116529
116531
116532
116533
116534
116535
116536
116543
116544
116545
116546
116547
116548
116556
116557
116558
116559
116560
116561
116569
116570
116571
116572
116573
116574
116582
116583
116584
116585
116586
116587
116600
116601
116602
116603
116604
116605
116606
116607
116608
116609
116610
116612
116613
116614
116615
116616
116617
116618
116619
116620
116621
116622
116624
116625
116626
116627
116628
116629
116630
116631
116632
116633
116634
116636
116637
116638
116639
116640
116641
116642
116643
116644
116645
116646
116648
116649
116650
116651
116652
116653
116660
116661
116662
116663
116664
116665
116672
116673
116674
116675
116676
116677
116685
116686
116687
116688
116689
116690
116698
116699
116700
116701
116702
116703
116711
116712
116713
116714
116715
116716
116730
116731
116732
116733
116734
116735
116736
116737
116738
116739
116740
116742
116743
116744
116745
116746
116747
116748
116749
116750
116751
116752
116754
116755
116756
116757
116758
116759
116760
116761
116762
116763
116764
116766
116767
116768
116769
116770
116771
116772
116773
116774
116775
116776
116778
116779
116780
116781
116782
116783
116790
116791
116792
116793
116794
116795
116802
116803
116804
116805
116806
116807
116814
116815
116816
116817
116818
116819
116827
116828
116829
116830
116831
116832
116840
116841
116842
116843
116844
116845
116853
116854
116855
116856
116857
116858
116866
116874
116875
116876
116877
116878
116879
116880
116881
116882
116883
116884
116886
116887
116888
116889
116890
116891
116892
116893
116894
116895
116896
116898
116899
116900
116901
116902
116903
116904
116905
116906
116907
116908
116910
116911
116912
116913
116914
116915
116922
116923
116924
116925
116926
116927
116934
116935
116936
116937
116938
116939
116946
116947
116948
116949
116950
116951
116958
116959
116960
116961
116962
116963
116971
116972
116973
116974
116975
116976
116984
116985
116986
116987
116988
116989
116997
116998
116999
117000
117001
117002
117010
117011
117012
117013
117014
117015
117023
117024
117025
117026
117027
117028
117029
117030
117031
117032
117033
117035
117036
117037
117038
117039
117040
117041
117042
117043
117044
117045
117047
117048
117049
117050
117051
117052
117053
117054
117055
117056
117057
117059
117060
117061
117062
117063
117064
117071
117072
117073
117074
117075
117076
117083
117084
117085
117086
117087
117088
117095
117096
117097
117098
117099
117100
117107
117108
117109
117110
117111
117112
117119
117120
117121
117122
117123
117124
117132
117133
117134
117135
117136
117137
117145
117146
117147
117148
117149
117150
117158
117159
117160
117161
117162
117163
117171
117172
117173
117174
117175
117176
117184
117185
117186
117187
117188
117189
117190
117191
117192
117193
117194
117196
117197
117198
117199
117200
117201
117202
117203
117204
117205
117206
117208
117209
117210
117211
117212
117213
117214
117215
117216
117217
117218
117220
117221
117222
117223
117224
117225
117232
117233
117234
117235
117236
117237
117244
117245
117246
117247
117248
117249
117256
117257
117258
117259
117260
117261
117268
117269
117270
117271
117272
117273
117280
117281
117282
117283
117284
117285
117292
117293
117294
117295
117296
117297
117305
117306
117307
117308
117309
117310
117318
117319
117320
117321
117322
117323
117334
117335
117336
117337
117338
117339
117350
117351
117352
117353
117354
117355
117366
117367
117368
117369
117370
117371
117372
117373
117374
117375
117376
117378
117379
117380
117381
117382
117383
117384
117385
117386
117387
117388
117390
117391
117392
117393
117394
117395
117402
117403
117404
117405
117406
117407
117414
117415
117416
117417
117418
117419
117426
117427
117428
117429
117430
117431
117438
117439
117440
117441
117442
117443
117450
117451
117452
117453
117454
117455
117462
117463
117464
117465
117466
117467
117474
117475
117476
117477
117478
117479
117487
117488
117489
117490
117491
117492
117503
117504
117505
117506
117507
117508
117519
117520
117521
117522
117523
117524
117535
117536
117537
117538
117539
117540
117551
117552
117553
117554
117555
117556
117557
117558
117559
117560
117561
117563
117564
117565
117566
117567
117568
117569
117570
117571
117572
117573
117575
117576
117577
117578
117579
117580
117581
117582
117583
117584
117585
117587
117588
117589
117590
117591
117592
117599
117600
117601
117602
117603
117604
117611
117612
117613
117614
117615
117616
117623
117624
117625
117626
117627
117628
117635
117636
117637
117638
117639
117640
117647
117648
117649
117650
117651
117652
117660
117661
117662
117663
117664
117665
117673
117674
117675
117676
117677
117678
117686
117687
117688
117689
117690
117691
117702
117703
117704
117705
117706
117707
117718
117719
117720
117721
117722
117734
117735
117736
117737
117738
117750
117751
117752
117753
117754
117755
117756
117757
117758
117759
117760
117762
117763
117764
117765
117766
117767
117768
117769
117770
117771
117772
117774
117775
117776
117777
117778
117779
117786
117787
117788
117789
117790
117791
117798
117799
117800
117801
117802
117803
117810
117811
117812
117813
117814
117815
117822
117823
117824
117825
117826
117827
117834
117835
117836
117837
117838
117839
117847
117848
117849
117850
117851
117852
117860
117861
117862
117863
117864
117865
117876
117877
117878
117879
117880
117881
117892
117893
117894
117895
117896
117897
117908
117909
117910
117911
117912
117924
117925
117926
117927
117928
117940
117941
117942
117943
117944
117956
117957
117958
117959
117960
117961
117962
117963
117964
117965
117966
117969
117970
117971
117972
117973
117974
117975
117976
117977
117978
117979
117982
117983
117984
117985
117986
117987
117988
117989
117990
117991
117992
117995
117996
117997
117998
117999
118000
118008
118009
118010
118011
118012
118013
118021
118022
118023
118024
118025
118026
118034
118035
118036
118037
118038
118039
118047
118048
118049
118050
118051
118052
118060
118061
118062
118063
118064
118065
118073
118074
118075
118076
118077
118078
118089
118090
118091
118092
118093
118094
118105
118106
118107
118108
118109
118110
118121
118122
118123
118124
118125
118137
118138
118139
118140
118141
118153
118154
118155
118156
118157
118169
118170
118171
118172
118173
118185
118186
118187
118188
118189
118190
118191
118192
118193
118194
118195
118198
118199
118200
118201
118202
118203
118204
118205
118206
118207
118208
118211
118212
118213
118214
118215
118216
118224
118225
118226
118227
118228
118229
118237
118238
118239
118240
118241
118242
118250
118251
118252
118253
118254
118255
118263
118264
118265
118266
118267
118268
118276
118277
118278
118279
118280
118281
118290
118291
118292
118293
118294
118295
118304
118305
118306
118307
118308
118309
118320
118321
118322
118323
118324
118325
118336
118337
118338
118339
118340
118352
118353
118354
118355
118356
118368
118369
118370
118371
118372
118384
118385
118386
118387
118388
118400
118401
118402
118403
118404
118416
118417
118418
118419
118420
118421
118422
118423
118424
118425
118426
118430
118431
118432
118433
118434
118435
118436
118437
118438
118439
118440
118444
118445
118446
118447
118448
118449
118458
118459
118460
118461
118462
118463
118472
118473
118474
118475
118476
118477
118486
118487
118488
118489
118490
118491
118500
118501
118502
118503
118504
118505
118514
118515
118516
118517
118518
118519
118528
118529
118530
118531
118532
118533
118543
118544
118545
118546
118547
118548
118559
118560
118561
118562
118563
118564
118565
118566
118567
118568
118569
118573
118574
118575
118576
118577
118578
118579
118580
118581
118582
118583
118587
118588
118589
118590
118591
118592
118601
118602
118603
118604
118605
118606
118615
118616
118617
118618
118619
118620
118629
118630
118631
118632
118633
118634
118643
118644
118645
118646
118647
118648
118657
118658
118659
118660
118661
118662
118663
118664
118665
118666
118667
118671
118672
118673
118674
118675
118676
118677
118678
118679
118680
118681
118685
118686
118687
118688
118689
118690
118691
118692
118693
118694
118695
118699
118700
118701
118702
118703
118704
118713
118714
118715
118716
118717
118718
118727
118728
118729
118730
118731
118732
118741
118742
118743
118744
118745
118746
118755
118756
118757
118758
118759
118760
118761
118762
118763
118764
118765
118769
118770
118771
118772
118773
118774
118775
118776
118777
118778
118779
118783
118784
118785
118786
118787
118788
118789
118790
118791
118792
118793
118797
118798
118799
118800
118801
118802
118811
118812
118813
118814
118815
118816
118825
118826
118827
118828
118829
118830
118839
118840
118841
118842
118843
118844
118845
118846
118847
118848
118849
118853
118854
118855
118856
118857
118858
118859
118860
118861
118862
118863
118867
118868
118869
118870
118871
118872
118881
118882
118883
118884
118885
118886
118887
118888
118889
118890
118891
118895
118896
118897
118898
118899
118900
118911
118912
118913
118914
118915
118927
118928
118929
118930
118931
118943
118944
118945
118946
118947
118959
118960
118961
118962
118963
118975
118976
118977
118978
118979
118991
118992
118993
118994
118995
119008
119009
119010
119011
119012
119025
119026
119027
119028
119029
119042
119043
119044
119045
119046
119059
119060
119061
119062
119063
119076
119077
119078
119079
119080
119093
119094
119095
119096
119097
119110
119111
119112
119113
119114
119120
119121
119122
119123
119124
119130
119131
119132
119133
119134
119135
119146
119147
119148
119149
119150
119162
119163
119164
119165
119166
119178
119179
119180
119181
119182
119194
119195
119196
119197
119198
119210
119211
119212
119213
119214
119226
119227
119228
119229
119230
119243
119244
119245
119246
119247
119260
119261
119262
119263
119264
119265
119274
119275
119276
119277
119278
119279
119289
119290
119291
119292
119293
119294
119305
119306
119307
119308
119309
119321
119322
119323
119324
119325
119337
119338
119339
119340
119341
119353
119354
119355
119356
119357
119369
119370
119371
119372
119373
119385
119386
119387
119388
119389
119401
119402
119403
119404
119405
119418
119419
119420
119421
119422
119435
119436
119437
119438
119439
119452
119453
119454
119455
119456
119457
119466
119467
119468
119469
119470
119471
119480
119481
119482
119483
119484
119485
119495
119496
119497
119498
119499
119500
119511
119512
119513
119514
119515
119527
119528
119529
119530
119531
119543
119544
119545
119546
119547
119559
119560
119561
119562
119563
119576
119577
119578
119579
119587
119588
119589
119590
119598
119599
119600
119601
119609
119610
119611
119612
119620
119621
119622
119623
119631
119632
119633
119634
119635
119636
119637
119638
119639
119640
119649
119650
119651
119652
119653
119654
119663
119664
119665
119666
119667
119668
119678
119679
119680
119681
119682
119683
119693
119694
119695
119696
119697
119698
119709
119710
119711
119712
119713
119725
119726
119727
119728
119729
119741
119742
119743
119744
119745
119757
119758
119790
119791
119792
119793
119794
119795
119804
119805
119806
119807
119808
119809
119818
119819
119820
119821
119822
119823
119832
119833
119834
119835
119836
119837
119846
119847
119848
119849
119850
119851
119860
119861
119862
119863
119864
119865
119875
119876
119877
119878
119879
119880
119890
119891
119892
119893
119894
119895
119906
119907
119908
119909
119910
119922
119923
119924
119925
119926
119938
119939
119940
119941
119942
119943
119944
119945
119946
119947
119948
119952
119953
119954
119955
119956
119957
119966
119967
119968
119969
119970
119971
119980
119981
119982
119983
119984
119985
119994
119995
119996
119997
119998
119999
120008
120009
120010
120011
120012
120013
120022
120023
120024
120025
120026
120027
120036
120037
120038
120039
120040
120041
120051
120052
120053
120054
120055
120056
120066
120067
120068
120069
120070
120071
120082
120083
120084
120085
120086
120098
120099
120100
120101
120102
120114
120115
120116
120117
120118
120119
120120
120121
120122
120123
120124
120128
120129
120130
120131
120132
120133
120134
120135
120136
120137
120138
120142
120143
120144
120145
120146
120147
120156
120157
120158
120159
120160
120161
120170
120171
120172
120173
120174
120175
120184
120185
120186
120187
120188
120189
120198
120199
120200
120201
120202
120203
120212
120213
120214
120215
120216
120217
120226
120227
120228
120229
120230
120231
120241
120242
120243
120244
120245
120246
120256
120257
120258
120259
120260
120261
120272
120273
120274
120275
120276
120277
120278
120279
120280
120281
120282
120286
120287
120288
120289
120290
120291
120292
120293
120294
120295
120296
120300
120301
120302
120303
120304
120305
120306
120307
120308
120309
120310
120314
120315
120316
120317
120318
120319
120328
120329
120330
120331
120332
120333
120342
120343
120344
120345
120346
120347
120356
120357
120358
120359
120360
120361
120370
120371
120372
120373
120374
120375
120384
120385
120386
120387
120388
120389
120399
120400
120401
120402
120403
120404
120405
120406
120407
120408
120409
120413
120414
120415
120416
120417
120418
120419
120420
120421
120422
120423
120427
120428
120429
120430
120431
120432
120433
120434
120435
120436
120437
120441
120442
120443
120444
120445
120446
120455
120456
120457
120458
120459
120460
120469
120470
120471
120472
120473
120474
120482
120483
120484
120485
120486
120487
120495
120496
120497
120498
120499
120500
120509
120510
120511
120512
120513
120514
120523
120524
120525
120526
120527
120528
120529
120530
120531
120532
120533
120536
120537
120538
120539
120540
120541
120542
120543
120544
120545
120546
120549
120550
120551
120552
120553
120554
120562
120563
120564
120565
120566
120567
120575
120576
120577
120578
120579
120580
120588
120589
120590
120591
120592
120593
120601
120602
120603
120604
120605
120606
120615
120616
120617
120618
120619
120620
120622
120623
120624
120625
120626
120627
120628
120629
120630
120631
120632
120634
120635
120636
120637
120638
120639
120640
120641
120642
120643
120644
120646
120647
120648
120649
120650
120651
120657
120658
120659
120660
120661
120662
120668
120669
120670
120671
120672
120673
120679
120680
120681
120682
120683
120684
120690
120691
120692
120693
120694
120695
120701
120702
120703
120704
120705
120706
120708
120709
120710
120711
120712
120713
120714
120715
120716
120717
120718
120719
120720
120721
120722
120723
120724
120725
120726
120727
120728
120729
120730
120731
120732
120733
120738
120739
120740
120741
120742
120743
120748
120749
120750
120751
120752
120753
120758
120759
120760
120761
120762
120763
120768
120769
120770
120771
120772
120773
120778
120779
120780
120781
120782
120783
120784
120785
120786
120787
120788
120789
120790
120791
120792
120793
120794
120795
120796
120797
120798
120799
120800
120801
120802
120803
120804
120805
120806
120807
120808
120809
120810
120811
120812
120813
120818
120819
120820
120821
120822
120823
120828
120829
120830
120831
120832
120833
120838
120839
120840
120841
120842
120843
120844
120845
120846
120847
120848
120849
120850
120851
120852
120853
120854
120855
120856
120857
120858
120859
120860
120863
120864
120865
120866
120867
120868
120871
120872
120873
120874
120875
120876
120877
120878
120879
120880
120881
120882
120883
120884
120885
120886
120887
120888
120889
120890
120891
120892
120893
120894
120895
121769
121773
121797
121801
121805
121818
121819
121822
121823
121824
121837
121838
121841
121842
121843
121846
121847
121848
121865
121866
121872
121878
121879
121880
121881
121882
121885
121886
121887
121888
121889
121897
121898
121899
121900
121901
121902
121903
121904
121916
121917
121918
121919
121920
121933
121934
121935
121936
121937
121945
121946
121955
121956
121957
121958
121959
121970
121971
121972
121973
121974
122018
122019
122020
122021
122022
122033
122034
122035
122036
122037
122048
122049
122050
122051
122052
122063
122064
122065
122066
122067
122078
122079
122080
122081
122082
122093
122094
122095
122096
122097
122108
122109
122110
122111
122112
122123
122124
122125
122126
122127
122138
122139
122140
122141
122142
122153
122154
122155
122156
122157
122168
122169
122170
122171
122172
122183
122184
122185
122186
122187
122198
122199
122200
122201
122202
122213
122214
122215
122216
122217
122228
122229
122230
122231
122232
122243
122244
122245
122246
122247
122258
122259
122260
122261
122262
122273
122274
122275
122276
122277
122288
122289
122290
122291
122292
122303
122304
122305
122306
122307
122318
122319
122320
122321
122322
122333
122334
122335
122336
122337
122348
122349
122350
122351
122352
122361
122362
122363
122364
122365
122376
122377
122378
122379
122380
122391
122392
122393
122394
122395
122404
122405
122406
122407
122408
122419
122420
122421
122422
122423
122434
122435
122436
122437
122438
122447
122448
122449
122450
122451
122462
122463
122464
122465
122466
122477
122482
122483
122484
122485
122486
122487
122497
122498
122499
122500
122501
122502
122512
122513
122514
122515
122516
122517
122527
122528
122529
122530
122531
122532
122542
122543
122544
122545
122546
122547
122555
122556
122557
122558
122559
122560
122568
122569
122570
122571
122572
122573
122581
122582
122583
122584
122585
122586
122588
122589
122590
122591
122592
122593
122601
122602
122603
122604
122605
122606
122614
122615
122616
122617
122618
122619
122627
122628
122629
122630
122631
122632
122640
122641
122642
122643
122644
122645
122653
122654
122655
122656
122657
122658
122666
122667
122668
122669
122670
122671
122672
122673
122674
122675
122676
122679
122680
122681
122682
122683
122684
122685
122686
122687
122688
122689
122692
122693
122694
122695
122696
122697
122698
122699
122700
122701
122702
122837
122843
122849
122855
122861
122867
122873
122874
122875
122876
122877
122878
122879
122880
122889
122890
122891
122892
122893
122902
122903
122904
122905
122906
122915
122916
122917
122918
122919
122928
122929
122930
122931
122932
122942
122943
122944
122945
122946
122954
122955
122956
122957
122958
122966
122967
122968
122969
122970
122982
122983
122984
122985
122986
122999
123000
123001
123002
123003
123016
123017
123018
123019
123020
123033
123034
123035
123036
123037
123050
123051
123052
123053
123054
123067
123068
123069
123070
123071
123084
123085
123086
123087
123088
123096
123097
123098
123099
123100
123108
123109
123110
123111
123112
123124
123125
123126
123127
123128
123141
123142
123143
123144
123145
123158
123159
123160
123161
123162
123175
123176
123177
123178
123179
123192
123193
123194
123195
123196
123208
123209
123210
123211
123212
123223
123224
123225
123226
123227
123238
123239
123240
123241
123242
123253
123254
123255
123256
123257
123269
123270
123271
123272
123273
123285
123286
123287
123288
123289
123301
123302
123303
123304
123305
123318
123319
123320
123321
123322
123335
123336
123337
123338
123339
123352
123353
123354
123355
123356
123369
123370
123371
123372
123373
123384
123385
123386
123387
123388
123399
123400
123401
123402
123403
123414
123415
123416
123417
123418
123429
123430
123431
123432
123433
123434
123444
123445
123446
123447
123448
123449
123460
123461
123462
123463
123464
123476
123477
123478
123479
123480
123492
123493
123494
123495
123496
123509
123510
123511
123512
123513
123526
123527
123528
123529
123530
123543
123544
123545
123546
123547
123560
123561
123562
123563
123564
123577
123578
123579
123580
123581
123592
123593
123594
123595
123596
123607
123608
123609
123610
123611
123622
123623
123624
123625
123626
123637
123638
123639
123640
123641
123642
123652
123653
123654
123655
123656
123657
123668
123669
123670
123671
123672
123684
123685
123686
123687
123688
123701
123702
123703
123704
123705
123718
123719
123720
123721
123722
123735
123736
123737
123738
123739
123752
123753
123754
123755
123756
123769
123770
123771
123772
123773
123786
123787
123788
123789
123790
123801
123802
123803
123804
123805
123816
123817
123818
123819
123820
123831
123832
123833
123834
123835
123853
123854
123855
123856
123857
123858
123868
123869
123870
123871
123872
123873
123884
123885
123886
123887
123888
123900
123901
123902
123903
123904
123917
123918
123919
123920
123921
123934
123935
123936
123937
123938
123951
123952
123953
123954
123955
123968
123969
123970
123971
123972
123985
123986
123987
123988
123989
124002
124003
124004
124005
124006
124017
124018
124019
124020
124021
124032
124033
124034
124035
124036
124047
124048
124049
124050
124051
124066
124067
124068
124069
124070
124071
124078
124079
124080
124081
124082
124083
124090
124091
124092
124093
124094
124095
124102
124103
124104
124105
124106
124114
124115
124116
124117
124118
124126
124127
124128
124129
124130
124138
124139
124140
124141
124142
124150
124151
124152
124153
124154
124162
124163
124164
124165
124166
124174
124175
124176
124177
124178
124179
124185
124186
124187
124188
124189
124190
124196
124197
124198
124199
124200
124201
124207
124208
124209
124210
124211
124212
124213
124214
124215
124216
124217
124218
124219
124220
124221
124226
124227
124228
124229
124230
124231
124233
124234
124235
124236
124237
124238
124240
124241
124242
124243
124244
124245
124247
124248
124249
124250
124251
124252
124254
124255
124256
124257
124258
124259
124260
124261
124262
124263
124264
124267
124268
124269
124270
124271
124272
124275
124276
124277
124278
124279
124280
124282
124283
124284
124285
124286
124287
124289
124290
124291
124292
124293
124294
124296
124297
124298
124299
124300
124301
124303
124304
124305
124306
124307
124308
124311
124312
124313
124314
124315
124316
124319
124320
124321
124322
124323
124324
124327
124328
124329
124330
124331
124332
124334
124335
124336
124337
124338
124339
124341
124342
124343
124344
124345
124346
124348
124349
124350
124351
124352
124353
124355
124356
124357
124358
124359
124360
124361
124362
124363
124364
124365
124366
124367
124368
124369
124370
124371
124372
124373
124374
124375
124376
124377
124379
124380
124381
124382
124383
124384
124386
124387
124388
124389
124390
124391
124393
124394
124395
124396
124397
124398
124400
124401
124402
124403
124404
124405
124406
124407
124408
124409
124410
124411
124412
124413
124414
124415
124416
124417
124418
124419
124420
124421
124422
124423
124424
124425
124426
124427
124428
124429
124430
124431
124432
124433
124434
124435
124436
124437
124438
124439
124440
124441
124442
124443
124444
124445
124446
124447
124448
124449
124450
124834
124835
124836
124837
124838
124844
124845
124846
124847
124848
124854
124855
124856
124857
124858
124864
124865
124866
124867
124868
124888
124899
124911
124912
124913
124914
124915
124927
124928
124929
124930
124931
124942
124943
124944
124945
124946
124956
124957
124958
124959
124960
124968
124969
124970
124971
124972
124980
124981
124982
124983
124984
124990
124991
124992
124993
124994
125000
125001
125002
125003
125004
125010
125011
125012
125013
125014
125059
125070
125071
125072
125073
125074
125086
125087
125088
125089
125090
125101
125102
125103
125104
125105
125115
125116
125117
125118
125119
125127
125128
125129
125130
125131
125139
125140
125141
125142
125143
125149
125150
125151
125152
125153
125159
125160
125161
125162
125163
125169
125170
125171
125172
125173
125225
125226
125227
125228
125229
125230
125241
125242
125243
125244
125245
125246
125257
125258
125259
125260
125261
125272
125273
125274
125275
125276
125286
125287
125288
125289
125290
125298
125299
125300
125301
125302
125310
125311
125312
125313
125314
125320
125321
125322
125323
125324
125330
125331
125332
125333
125334
125340
125341
125342
125343
125344
125401
125402
125403
125404
125405
125406
125417
125418
125419
125420
125421
125422
125433
125434
125435
125436
125437
125438
125448
125449
125450
125451
125452
125462
125463
125464
125465
125466
125474
125475
125476
125477
125478
125486
125487
125488
125489
125490
125496
125497
125498
125499
125500
125506
125507
125508
125509
125510
125516
125517
125518
125519
125520
125526
125527
125528
125529
125530
125535
125536
125537
125538
125539
125544
125587
125588
125589
125590
125591
125592
125603
125604
125605
125606
125607
125608
125619
125620
125621
125622
125623
125624
125635
125636
125637
125638
125639
125640
125651
125652
125653
125654
125655
125656
125666
125667
125668
125669
125670
125671
125680
125681
125682
125683
125684
125685
125692
125693
125694
125695
125696
125704
125705
125706
125707
125708
125714
125715
125716
125717
125718
125724
125725
125726
125727
125728
125734
125735
125736
125737
125738
125744
125745
125746
125747
125748
125753
125754
125755
125756
125757
125762
125763
125764
125765
125766
125771
125781
125791
125792
125793
125794
125795
125796
125806
125807
125808
125809
125810
125811
125822
125823
125824
125825
125826
125827
125838
125839
125840
125841
125842
125843
125854
125855
125856
125857
125858
125859
125870
125871
125872
125873
125874
125875
125886
125887
125888
125889
125890
125891
125901
125902
125903
125904
125905
125906
125915
125916
125917
125918
125919
125920
125927
125928
125929
125930
125931
125932
125939
125940
125941
125942
125943
125944
125949
125950
125951
125952
125953
125954
125959
125960
125961
125962
125963
125964
125969
125970
125971
125972
125973
125974
125979
125980
125981
125982
125983
125984
125985
125986
125987
125988
125993
125994
125995
125996
125997
126002
126003
126004
126005
126006
126011
126021
126022
126023
126024
126025
126026
126036
126037
126038
126039
126040
126041
126052
126053
126054
126055
126056
126057
126068
126069
126070
126071
126072
126073
126084
126085
126086
126087
126088
126089
126102
126103
126104
126105
126106
126107
126118
126119
126120
126121
126122
126123
126134
126135
126136
126137
126138
126139
126148
126149
126150
126151
126152
126153
126160
126161
126162
126163
126164
126165
126172
126173
126174
126175
126176
126177
126182
126183
126184
126185
126186
126187
126192
126193
126194
126195
126196
126197
126202
126203
126204
126205
126206
126207
126212
126213
126214
126215
126216
126217
126222
126223
126224
126225
126226
126227
126228
126229
126230
126231
126232
126237
126238
126239
126240
126241
126242
126243
126244
126245
126246
126247
126252
126253
126254
126255
126256
126257
126258
126259
126260
126261
126262
126267
126268
126269
126270
126271
126272
126282
126283
126284
126285
126286
126287
126298
126299
126300
126301
126302
126303
126314
126315
126316
126317
126318
126319
126330
126331
126332
126333
126334
126335
126348
126349
126350
126351
126352
126353
126366
126367
126368
126369
126370
126371
126382
126383
126384
126385
126386
126387
126396
126397
126398
126399
126400
126401
126410
126411
126412
126413
126414
126415
126422
126423
126424
126425
126426
126427
126432
126433
126434
126435
126436
126437
126442
126443
126444
126445
126446
126447
126452
126453
126454
126455
126456
126457
126462
126463
126464
126465
126466
126467
126472
126473
126474
126475
126476
126477
126478
126479
126480
126481
126482
126487
126488
126489
126490
126491
126492
126493
126494
126495
126496
126497
126502
126503
126504
126505
126506
126507
126508
126509
126510
126511
126512
126517
126518
126519
126520
126521
126522
126523
126524
126525
126526
126527
126532
126533
126534
126535
126536
126537
126548
126549
126550
126551
126552
126553
126564
126565
126566
126567
126568
126569
126580
126581
126582
126583
126584
126585
126598
126599
126600
126601
126602
126603
126616
126617
126618
126619
126620
126621
126632
126633
126634
126635
126636
126637
126647
126648
126649
126650
126651
126652
126661
126662
126663
126664
126665
126666
126673
126674
126675
126676
126677
126678
126683
126684
126685
126686
126687
126688
126693
126694
126695
126696
126697
126698
126703
126704
126705
126706
126707
126708
126713
126714
126715
126716
126717
126718
126723
126724
126725
126726
126727
126728
126729
126730
126731
126732
126733
126738
126739
126740
126741
126742
126743
126744
126745
126746
126747
126748
126753
126754
126755
126756
126757
126758
126759
126760
126761
126762
126763
126768
126769
126770
126771
126772
126773
126774
126775
126776
126777
126778
126784
126785
126786
126787
126788
126789
126800
126801
126802
126803
126804
126805
126816
126817
126818
126819
126820
126821
126834
126835
126836
126837
126838
126839
126852
126853
126854
126855
126856
126857
126868
126869
126870
126871
126872
126873
126883
126884
126885
126886
126887
126888
126897
126898
126899
126900
126901
126902
126909
126910
126911
126912
126913
126914
126919
126920
126921
126922
126923
126924
126929
126930
126931
126932
126933
126934
126939
126940
126941
126942
126943
126944
126949
126950
126951
126952
126953
126954
126959
126960
126961
126962
126963
126964
126965
126966
126967
126968
126969
126974
126975
126976
126977
126978
126979
126980
126981
126982
126983
126984
126989
126990
126991
126992
126993
126994
126995
126996
126997
126998
126999
127005
127006
127007
127008
127009
127010
127011
127012
127013
127014
127015
127021
127022
127023
127024
127025
127026
127037
127038
127039
127040
127041
127042
127055
127056
127057
127058
127059
127060
127073
127074
127075
127076
127077
127078
127089
127090
127091
127092
127093
127094
127104
127105
127106
127107
127108
127109
127118
127119
127120
127121
127122
127123
127130
127131
127132
127133
127134
127135
127140
127141
127142
127143
127144
127145
127150
127151
127152
127153
127154
127155
127160
127161
127162
127163
127164
127165
127170
127171
127172
127173
127174
127175
127180
127181
127182
127183
127184
127185
127186
127187
127188
127189
127190
127196
127197
127198
127199
127200
127201
127202
127203
127204
127205
127206
127212
127213
127214
127215
127216
127217
127218
127219
127220
127221
127222
127228
127229
127230
127231
127232
127233
127234
127235
127236
127237
127238
127246
127247
127248
127249
127250
127251
127264
127265
127266
127267
127268
127269
127280
127281
127282
127283
127284
127285
127295
127296
127297
127298
127299
127300
127309
127310
127311
127312
127313
127314
127321
127322
127323
127324
127325
127326
127331
127332
127333
127334
127335
127336
127341
127342
127343
127344
127345
127346
127351
127352
127353
127354
127355
127356
127361
127362
127363
127364
127365
127366
127371
127372
127373
127374
127375
127376
127381
127382
127383
127384
127385
127386
127387
127388
127389
127390
127391
127397
127398
127399
127400
127401
127402
127403
127404
127405
127406
127407
127413
127414
127415
127416
127417
127418
127419
127420
127421
127422
127423
127431
127432
127433
127434
127435
127436
127437
127438
127439
127440
127441
127449
127450
127451
127452
127453
127454
127455
127456
127457
127458
127459
127465
127466
127467
127468
127469
127470
127480
127481
127482
127483
127484
127485
127494
127495
127496
127497
127498
127499
127506
127507
127508
127509
127510
127511
127516
127517
127518
127519
127520
127521
127526
127527
127528
127529
127530
127531
127536
127537
127538
127539
127540
127541
127546
127547
127548
127549
127550
127551
127556
127557
127558
127559
127560
127561
127566
127567
127568
127569
127570
127571
127572
127573
127574
127575
127576
127584
127585
127586
127587
127588
127589
127590
127591
127592
127593
127594
127602
127603
127604
127605
127606
127607
127608
127609
127610
127611
127612
127618
127619
127620
127621
127622
127623
127624
127625
127626
127627
127628
127633
127634
127635
127636
127637
127638
127639
127640
127641
127642
127643
127647
127648
127649
127650
127651
127652
127653
127654
127655
127656
127657
127659
127660
127661
127662
127663
127664
127665
127666
127667
127668
127669
127670
127671
127672
127673
127674
127675
127676
127677
127678
127679
127680
127681
127682
127683
127684
127689
127690
127691
127692
127693
127694
127699
127700
127701
127702
127703
127704
127709
127710
127711
127712
127713
127714
127715
127716
127717
127718
127719
127720
127721
127722
127723
127724
127725
127726
127727
127728
127729
127735
127736
127737
127738
127739
127740
127741
127742
127743
127744
127745
127750
127751
127752
127753
127754
127755
127756
127757
127758
127759
127760
127764
127765
127766
127767
127768
127769
127770
127771
127772
127773
127774
127776
127777
127778
127779
127780
127781
127782
127783
127784
127785
127786
127787
127788
127789
127790
127791
127792
127793
127794
127795
127796
127797
127798
127799
127800
127801
127802
127803
127804
127805
127806
127807
127808
127809
127810
127811
127812
127813
127814
127815
127816
127817
127818
127819
127820
127821
127822
127823
127824
127825
127826
127827
127828
127829
127830
127831
127832
127833
127834
127835
127836
127837
127838
127839
127840
127841
127842
127843
127844
127845
127846
127847
127848
127849
127850
127851
127852
127853
127854
127855
127856
127857
127858
127859
127860
127861
127862
127863
127864
127865
127866
127867
127868
127869
127870
127871
127872
127873
127874
127875
127876
127877
127878
127879
127880
127881
127882
127883
127884
127885
127886
127887
127888
127889
127890
127891
127892
127893
127894
127895
129612
129620
129652
129680
129688
129696
129704
129712
129720
129733
129741
129749
129757
129765
129773
)


// ************************************************************************* //
