/*--------------------------------*- C++ -*----------------------------------*\
| =========                 |                                                 |
| \\      /  F ield         | OpenFOAM: The Open Source CFD Toolbox           |
|  \\    /   O peration     | Version:  2212                                  |
|   \\  /    A nd           | Website:  www.openfoam.com                      |
|    \\/     M anipulation  |                                                 |
\*---------------------------------------------------------------------------*/
FoamFile
{
    version     2.0;
    format      ascii;
    arch        "LSB;label=32;scalar=64";
    class       labelList;
    location    "constant/header/polyMesh";
    object      pointRegionAddressing;
}
// * * * * * * * * * * * * * * * * * * * * * * * * * * * * * * * * * * * * * //


11984
(
77368
77369
77370
77371
77372
77374
77375
77376
77377
77378
77380
77381
77382
77383
77384
77386
77387
77388
77389
77390
77392
77393
77394
77395
77396
77398
77399
77400
77401
77402
77404
77405
77406
77407
77408
77410
77411
77412
77413
77414
77418
77421
77422
77423
77424
77425
77429
77430
77431
77432
77433
77437
77438
77439
77440
77441
77445
77446
77447
77448
77449
77453
77454
77455
77456
77457
77461
77462
77463
77464
77465
77469
77470
77471
77472
77473
77477
77478
77479
77480
77481
77485
77488
77489
77490
77491
77492
77496
77497
77498
77499
77500
77504
77505
77506
77507
77508
77512
77513
77514
77515
77516
77520
77521
77522
77523
77524
77528
77529
77530
77531
77532
77536
77537
77538
77539
77540
77544
77545
77546
77547
77548
77552
77555
77556
77557
77558
77559
77560
77561
77562
77563
77564
77565
77566
77567
77568
77569
77570
77571
77572
77573
77574
77575
77576
77577
77578
77579
77580
77581
77582
77583
77584
77682
77683
77684
77685
77686
77696
77697
77698
77699
77700
77701
77713
77714
77715
77716
77717
77718
77728
77729
77730
77731
77732
77733
77734
77743
77744
77745
77746
77747
77748
77749
77758
77759
77760
77761
77762
77763
77764
77770
77771
77772
77773
77774
77775
77776
77782
77783
77784
77785
77786
77787
77788
77794
77795
77796
77797
77798
77799
77800
77801
77802
77803
77804
77805
77806
77807
77808
77809
77810
77811
77812
77813
77814
77815
77816
77817
77818
77819
77820
77821
77822
77823
77824
77825
77826
77827
77828
77829
77830
77831
77837
77838
77839
77840
77841
77848
77849
77850
77851
77852
77865
77866
77867
77868
77869
77882
77883
77884
77885
77886
77899
77900
77901
77902
77903
77916
77917
77918
77919
77920
77921
77933
77934
77935
77936
77937
77938
77950
77951
77952
77953
77954
77955
77965
77966
77967
77968
77969
77970
77971
77980
77981
77982
77983
77984
77985
77986
77995
77996
77997
77998
77999
78000
78001
78007
78008
78009
78010
78011
78012
78013
78019
78020
78021
78022
78023
78024
78025
78031
78032
78033
78034
78035
78036
78037
78038
78039
78040
78041
78042
78044
78045
78046
78047
78048
78049
78050
78051
78052
78053
78054
78055
78057
78058
78059
78060
78061
78062
78063
78064
78065
78066
78067
78068
78070
78071
78072
78073
78074
78080
78081
78082
78083
78084
78091
78092
78093
78094
78095
78109
78110
78111
78112
78113
78127
78128
78129
78130
78131
78144
78145
78146
78147
78148
78161
78162
78163
78164
78165
78166
78178
78179
78180
78181
78182
78183
78195
78196
78197
78198
78199
78200
78201
78211
78212
78213
78214
78215
78216
78217
78227
78228
78229
78230
78231
78232
78233
78243
78244
78245
78246
78247
78248
78249
78256
78257
78258
78259
78260
78261
78262
78269
78270
78271
78272
78273
78274
78275
78276
78277
78278
78279
78280
78282
78283
78284
78285
78286
78287
78288
78289
78290
78291
78292
78293
78295
78296
78297
78298
78299
78300
78301
78302
78303
78304
78305
78306
78308
78309
78310
78311
78312
78313
78314
78315
78316
78317
78318
78319
78321
78322
78323
78324
78325
78331
78332
78333
78334
78335
78342
78343
78344
78345
78346
78361
78362
78363
78364
78365
78380
78381
78382
78383
78384
78397
78398
78399
78400
78401
78414
78415
78416
78417
78418
78419
78431
78432
78433
78434
78435
78436
78448
78449
78450
78451
78452
78453
78454
78464
78465
78466
78467
78468
78469
78470
78480
78481
78482
78483
78484
78485
78486
78496
78497
78498
78499
78500
78501
78502
78509
78510
78511
78512
78513
78514
78515
78522
78523
78524
78525
78526
78527
78528
78529
78530
78531
78532
78533
78535
78536
78537
78538
78539
78540
78541
78542
78543
78544
78545
78546
78548
78549
78550
78551
78552
78553
78554
78555
78556
78557
78558
78559
78561
78562
78563
78564
78565
78566
78567
78568
78569
78570
78571
78572
78574
78575
78576
78577
78578
78584
78585
78586
78587
78588
78594
78595
78596
78597
78598
78613
78614
78615
78616
78617
78632
78633
78634
78635
78636
78651
78652
78653
78654
78655
78669
78670
78671
78672
78673
78674
78687
78688
78689
78690
78691
78692
78704
78705
78706
78707
78708
78709
78710
78721
78722
78723
78724
78725
78726
78727
78738
78739
78740
78741
78742
78743
78744
78754
78755
78756
78757
78758
78759
78760
78768
78769
78770
78771
78772
78773
78774
78782
78783
78784
78785
78786
78787
78788
78789
78790
78791
78792
78793
78796
78797
78798
78799
78800
78801
78802
78803
78804
78805
78806
78807
78810
78811
78812
78813
78814
78815
78816
78817
78818
78819
78820
78821
78824
78825
78826
78827
78828
78834
78835
78836
78837
78838
78844
78845
78846
78847
78848
78864
78865
78866
78867
78868
78884
78885
78886
78887
78888
78903
78904
78905
78906
78907
78922
78923
78924
78925
78926
78927
78941
78942
78943
78944
78945
78946
78947
78959
78960
78961
78962
78963
78964
78965
78977
78978
78979
78980
78981
78982
78983
78995
78996
78997
78998
78999
79000
79001
79013
79014
79015
79016
79017
79018
79019
79028
79029
79030
79031
79032
79033
79034
79043
79044
79045
79046
79047
79048
79049
79050
79051
79052
79053
79054
79058
79059
79060
79061
79062
79063
79064
79065
79066
79067
79068
79069
79073
79074
79075
79076
79077
79078
79079
79080
79081
79082
79083
79084
79088
79089
79090
79091
79092
79098
79099
79100
79101
79102
79108
79109
79110
79111
79112
79128
79129
79130
79131
79132
79148
79149
79150
79151
79152
79167
79168
79169
79170
79171
79172
79186
79187
79188
79189
79190
79191
79205
79206
79207
79208
79209
79210
79211
79223
79224
79225
79226
79227
79228
79229
79241
79242
79243
79244
79245
79246
79247
79259
79260
79261
79262
79263
79264
79265
79277
79278
79279
79280
79281
79282
79283
79295
79296
79297
79298
79299
79300
79301
79311
79312
79313
79314
79315
79316
79317
79318
79319
79320
79321
79322
79327
79328
79329
79330
79331
79332
79333
79334
79335
79336
79337
79338
79343
79344
79345
79346
79347
79348
79349
79350
79351
79352
79353
79354
79359
79360
79361
79362
79363
79369
79370
79371
79372
79373
79379
79380
79381
79382
79383
79399
79400
79401
79402
79403
79419
79420
79421
79422
79423
79438
79439
79440
79441
79442
79443
79457
79458
79459
79460
79461
79462
79476
79477
79478
79479
79480
79481
79482
79495
79496
79497
79498
79499
79500
79501
79514
79515
79516
79517
79518
79519
79520
79533
79534
79535
79536
79537
79538
79539
79552
79553
79554
79555
79556
79557
79558
79571
79572
79573
79574
79575
79576
79577
79578
79579
79580
79581
79582
79590
79591
79592
79593
79594
79595
79596
79597
79598
79599
79600
79601
79609
79610
79611
79612
79613
79614
79615
79616
79617
79618
79619
79620
79628
79629
79630
79631
79632
79633
79634
79635
79636
79637
79638
79639
79647
79648
79649
79650
79651
79657
79658
79659
79660
79661
79667
79668
79669
79670
79671
79687
79688
79689
79690
79691
79707
79708
79709
79710
79711
79712
79726
79727
79728
79729
79730
79731
79745
79746
79747
79748
79749
79750
79751
79764
79765
79766
79767
79768
79769
79770
79783
79784
79785
79786
79787
79788
79789
79802
79803
79804
79805
79806
79807
79808
79821
79822
79823
79824
79825
79826
79827
79840
79841
79842
79843
79844
79845
79846
79859
79860
79861
79862
79863
79864
79865
79866
79867
79868
79869
79870
79878
79879
79880
79881
79882
79883
79884
79885
79886
79887
79888
79889
79897
79898
79899
79900
79901
79902
79903
79904
79905
79906
79907
79908
79916
79917
79918
79919
79920
79926
79927
79928
79929
79930
79936
79937
79938
79939
79940
79956
79957
79958
79959
79960
79961
79976
79977
79978
79979
79980
79981
79995
79996
79997
79998
79999
80000
80001
80014
80015
80016
80017
80018
80019
80020
80033
80034
80035
80036
80037
80038
80039
80052
80053
80054
80055
80056
80057
80058
80071
80072
80073
80074
80075
80076
80077
80090
80091
80092
80093
80094
80095
80096
80109
80110
80111
80112
80113
80114
80115
80116
80117
80118
80119
80120
80128
80129
80130
80131
80132
80133
80134
80135
80136
80137
80138
80139
80147
80148
80149
80150
80151
80152
80153
80154
80155
80156
80157
80158
80166
80167
80168
80169
80170
80171
80172
80173
80174
80175
80176
80177
80185
80186
80187
80188
80189
80195
80196
80197
80198
80199
80205
80206
80207
80208
80209
80210
80227
80228
80229
80230
80231
80232
80249
80250
80251
80252
80253
80254
80255
80271
80272
80273
80274
80275
80276
80277
80292
80293
80294
80295
80296
80297
80298
80313
80314
80315
80316
80317
80318
80319
80334
80335
80336
80337
80338
80339
80340
80355
80356
80357
80358
80359
80360
80361
80374
80375
80376
80377
80378
80379
80380
80393
80394
80395
80396
80397
80398
80399
80400
80401
80402
80403
80404
80412
80413
80414
80415
80416
80417
80418
80419
80420
80421
80422
80423
80431
80432
80433
80434
80435
80436
80437
80438
80439
80440
80441
80442
80450
80451
80452
80453
80454
80455
80460
80461
80462
80463
80464
80465
80470
80471
80472
80473
80474
80475
80492
80493
80494
80495
80496
80497
80498
80514
80515
80516
80517
80518
80519
80520
80536
80537
80538
80539
80540
80541
80542
80557
80558
80559
80560
80561
80562
80563
80578
80579
80580
80581
80582
80583
80584
80599
80600
80601
80602
80603
80604
80605
80620
80621
80622
80623
80624
80625
80626
80639
80640
80641
80642
80643
80644
80645
80646
80647
80648
80649
80650
80658
80659
80660
80661
80662
80663
80664
80665
80666
80667
80668
80669
80677
80678
80679
80680
80681
80682
80683
80684
80685
80686
80687
80688
80696
80697
80698
80699
80700
80701
80702
80703
80704
80705
80706
80707
80715
80716
80717
80718
80719
80720
80721
80722
80727
80728
80729
80730
80731
80732
80737
80738
80739
80740
80741
80742
80743
80759
80760
80761
80762
80763
80764
80765
80781
80782
80783
80784
80785
80786
80787
80803
80804
80805
80806
80807
80808
80809
80824
80825
80826
80827
80828
80829
80830
80845
80846
80847
80848
80849
80850
80851
80866
80867
80868
80869
80870
80871
80872
80887
80888
80889
80890
80891
80892
80893
80894
80895
80896
80897
80898
80906
80907
80908
80909
80910
80911
80912
80913
80914
80915
80916
80917
80925
80926
80927
80928
80929
80930
80931
80932
80933
80934
80935
80936
80944
80945
80946
80947
80948
80949
80950
80951
80952
80953
80954
80955
80963
80964
80965
80966
80967
80968
80969
80970
80971
80975
80976
80977
80978
80979
80980
80981
80985
80986
80987
80988
80989
80990
80991
81007
81008
81009
81010
81011
81012
81013
81029
81030
81031
81032
81033
81034
81035
81051
81052
81053
81054
81055
81056
81057
81072
81073
81074
81075
81076
81077
81078
81093
81094
81095
81096
81097
81098
81099
81114
81115
81116
81117
81118
81119
81120
81121
81122
81123
81124
81125
81135
81136
81137
81138
81139
81140
81141
81142
81143
81144
81145
81146
81156
81157
81158
81159
81160
81161
81162
81163
81164
81165
81166
81167
81177
81178
81179
81180
81181
81182
81183
81184
81185
81186
81187
81188
81198
81199
81200
81201
81202
81203
81204
81205
81206
81210
81211
81212
81213
81214
81215
81216
81220
81221
81222
81223
81224
81225
81226
81242
81243
81244
81245
81246
81247
81248
81264
81265
81266
81267
81268
81269
81270
81286
81287
81288
81289
81290
81291
81292
81307
81308
81309
81310
81311
81312
81313
81328
81329
81330
81331
81332
81333
81334
81335
81336
81337
81338
81339
81349
81350
81351
81352
81353
81354
81355
81356
81357
81358
81359
81360
81370
81371
81372
81373
81374
81375
81376
81377
81378
81379
81380
81381
81391
81392
81393
81394
81395
81396
81397
81398
81399
81400
81401
81402
81412
81413
81414
81415
81416
81417
81418
81419
81420
81421
81422
81423
81433
81434
81435
81436
81437
81438
81439
81440
81441
81445
81446
81447
81448
81449
81450
81451
81455
81456
81457
81458
81459
81460
81461
81477
81478
81479
81480
81481
81482
81483
81499
81500
81501
81502
81503
81504
81505
81521
81522
81523
81524
81525
81526
81527
81543
81544
81545
81546
81547
81548
81549
81550
81551
81552
81553
81554
81565
81566
81567
81568
81569
81570
81571
81572
81573
81574
81575
81576
81586
81587
81588
81589
81590
81591
81592
81593
81594
81595
81596
81597
81607
81608
81609
81610
81611
81612
81613
81614
81615
81616
81617
81618
81628
81629
81630
81631
81632
81633
81634
81635
81636
81637
81638
81639
81649
81650
81651
81652
81653
81654
81655
81656
81657
81661
81662
81663
81664
81665
81666
81667
81671
81672
81673
81674
81675
81676
81677
81693
81694
81695
81696
81697
81698
81699
81715
81716
81717
81718
81719
81720
81721
81737
81738
81739
81740
81741
81742
81743
81744
81745
81746
81747
81748
81759
81760
81761
81762
81763
81764
81765
81766
81767
81768
81769
81770
81781
81782
81783
81784
81785
81786
81787
81788
81789
81790
81791
81792
81802
81803
81804
81805
81806
81807
81808
81809
81810
81811
81812
81813
81823
81824
81825
81826
81827
81828
81829
81830
81831
81832
81833
81834
81844
81845
81846
81847
81848
81849
81850
81851
81852
81856
81857
81858
81859
81860
81861
81862
81866
81867
81868
81869
81870
81871
81872
81888
81889
81890
81891
81892
81893
81894
81895
81896
81897
81898
81899
81910
81911
81912
81913
81914
81915
81916
81917
81918
81919
81920
81921
81932
81933
81934
81935
81936
81937
81938
81939
81940
81941
81942
81943
81954
81955
81956
81957
81958
81959
81960
81961
81962
81963
81964
81965
81976
81977
81978
81979
81980
81981
81982
81983
81984
81985
81986
81987
81997
81998
81999
82000
82001
82002
82003
82004
82005
82006
82007
82008
82018
82019
82020
82021
82022
82023
82024
82025
82026
82030
82031
82032
82033
82034
82035
82036
82037
82038
82039
82040
82041
82042
82043
82044
82045
82046
82047
82048
82049
82050
82051
82062
82063
82064
82065
82066
82067
82068
82069
82070
82071
82072
82073
82084
82085
82086
82087
82088
82089
82090
82091
82092
82093
82094
82095
82106
82107
82108
82109
82110
82111
82112
82113
82114
82115
82116
82117
82128
82129
82130
82131
82132
82133
82134
82135
82136
82137
82138
82139
82150
82151
82152
82153
82154
82155
82156
82157
82158
82159
82160
82161
82162
82163
82164
82165
82166
82167
82168
82169
82170
82171
82172
82173
82174
82175
82176
82177
82178
82179
82180
82181
82182
82183
82194
82195
82196
82197
82198
82199
82200
82201
82202
82203
82204
82205
82216
82217
82218
82219
82220
82221
82222
82223
82224
82225
82226
82227
82238
82239
82240
82241
82242
82243
82244
82245
82246
82247
82248
82249
82260
82261
82262
82263
82264
82265
82266
82267
82268
82269
82270
82271
82272
82273
82274
82275
82276
82277
82278
82279
82280
82281
82282
82283
82284
82285
82286
82287
82288
82289
82290
82291
82292
82293
82304
82305
82306
82307
82308
82309
82310
82311
82312
82313
82314
82315
82326
82327
82328
82329
82330
82331
82332
82333
82334
82335
82336
82337
82338
82339
82340
82341
82342
82343
82344
82345
82346
82347
82348
82349
82350
82351
82352
82353
82354
82355
82356
82357
82359
82360
82361
82362
82363
82364
82365
82367
82368
82369
82370
82371
82372
82373
82375
82376
82377
82378
82379
82380
82381
82383
82384
82385
82386
82387
82388
82389
82390
82391
82392
82393
82394
82395
82396
82397
82398
82399
82400
82401
82402
82403
82404
82405
82406
82407
82408
82409
82410
82411
82412
82413
82414
82415
82416
82417
82418
82419
82420
82421
82422
82423
82424
82425
82426
82431
82432
82433
82434
82435
82436
82437
82444
82445
82446
82447
82448
82449
82450
82457
82458
82459
82460
82461
82462
82463
82470
82471
82472
82473
82474
82475
82476
82482
82483
82484
82485
82486
82487
82488
82494
82495
82496
82497
82498
82499
82500
82501
82502
82503
82504
82505
82506
82507
82508
82509
82510
82511
82512
82513
82514
82515
82516
82517
82518
82519
82520
82521
82522
82523
82524
82525
82526
82527
82528
82529
82530
82531
82532
82533
82534
82535
82536
82537
82538
82539
82540
82541
82542
82543
82544
82545
82546
82547
82548
82553
82554
82555
82556
82557
82558
82559
82567
82568
82569
82570
82571
82572
82573
82581
82582
82583
82584
82585
82586
82587
82595
82596
82597
82598
82599
82600
82601
82607
82608
82609
82610
82611
82612
82613
82619
82620
82621
82622
82623
82624
82625
82626
82627
82628
82629
82630
82631
82632
82633
82634
82635
82636
82637
82638
82639
82640
82641
82642
82643
82644
82645
82646
82647
82648
82649
82650
82651
82652
82653
82654
82655
82656
82657
82658
82659
82660
82661
82662
82663
82691
82692
82693
82694
82695
82708
82709
82710
82711
82712
82738
82739
82740
82741
82742
82756
82757
82758
82759
82760
82789
82790
82791
82792
82793
82807
82808
82809
82810
82811
82842
82843
82844
82845
82846
82860
82861
82862
82863
82864
82897
82898
82899
82900
82901
82915
82916
82917
82918
82919
82954
82955
82956
82957
82958
82972
82973
82974
82975
82976
83011
83012
83013
83014
83015
83029
83030
83031
83032
83033
83068
83069
83070
83071
83072
83086
83087
83088
83089
83090
83125
83126
83127
83128
83129
83143
83144
83145
83146
83147
83182
83183
83184
83185
83186
83200
83201
83202
83203
83204
83241
83242
83243
83244
83245
83259
83260
83261
83262
83263
83300
83301
83302
83303
83304
83305
83318
83319
83320
83321
83357
83358
83359
83360
83361
83362
83375
83376
83377
83378
83379
83422
83423
83424
83425
83426
83427
83428
83440
83441
83442
83443
83444
83487
83488
83489
83490
83491
83492
83493
83505
83506
83507
83508
83509
83545
83546
83547
83548
83549
83550
83551
83563
83564
83565
83566
83567
83603
83604
83605
83606
83607
83608
83609
83621
83622
83623
83624
83625
83661
83662
83663
83664
83665
83666
83667
83679
83680
83681
83682
83683
83707
83708
83719
83720
83721
83722
83723
83724
83725
83726
83727
83728
83729
83730
83737
83738
83739
83740
83741
83742
83743
83744
83745
83746
83755
83756
83765
83766
83777
83778
83779
83780
83781
83782
83783
83784
83785
83786
83787
83788
83795
83796
83797
83798
83799
83800
83801
83802
83803
83804
83813
83814
83823
83824
83835
83836
83837
83838
83839
83840
83841
83842
83843
83844
83845
83846
83853
83854
83855
83856
83857
83858
83859
83860
83861
83862
83871
83872
83881
83882
83893
83894
83895
83896
83897
83898
83901
83903
83906
83907
83908
83909
83910
83911
83912
83913
83914
83918
83927
83938
83943
83968
83990
84001
84002
84003
84004
84005
84006
84007
84008
84009
84010
84011
84012
84013
84014
84015
84016
84017
84018
84019
84020
84021
84022
84023
84026
84027
84028
84031
84032
84046
84048
84060
84084
84096
84097
84098
84099
84100
84101
84102
84103
84104
84105
84106
84107
84108
84109
84110
84111
84112
84113
84114
84115
84118
84119
84120
84121
84122
84123
84124
84125
84126
84127
84128
84129
84130
84131
84141
84216
84235
84236
84239
84244
84245
84246
84247
84248
84249
84250
84251
84252
84253
84254
84255
84256
84257
84258
84259
84260
84261
84262
84263
84264
84324
84337
84339
84340
84341
84342
85181
85188
85195
85223
85229
85235
85241
85271
85277
85283
85312
85318
85324
95519
95520
95521
95522
95527
95528
95529
95530
95531
95532
95533
95534
95539
95540
95541
95542
95543
95544
95545
95546
95547
95548
95549
95550
95555
95556
95557
95558
95563
95564
95565
95566
95567
95568
95569
95570
95575
95576
95577
95578
95579
95580
95581
95582
95583
95584
95585
95586
95591
95592
95593
95594
95595
95596
95597
95598
95599
95600
95601
95602
95607
95608
95609
95610
95611
95617
95618
95619
95620
95621
95627
95628
95629
95630
95631
95637
95638
95639
95644
95645
95646
95651
95652
95653
95654
95655
95660
95661
95662
95663
95664
95669
95670
95671
95672
95673
95679
95680
95681
95682
95683
95689
95690
95691
95692
95693
95699
95700
95701
95702
95703
95709
95710
95723
95724
95729
95734
95735
95740
95741
95747
95748
95754
95755
95761
95762
95768
95769
95776
95777
95784
95785
95786
95787
95788
95789
95790
95791
95792
95793
95794
95795
95796
95797
95798
95799
95800
95801
95802
95803
95804
95805
95806
95807
95808
95809
95810
95811
95812
95813
95814
95815
95816
95817
95818
95819
95820
95821
95822
95823
95824
95825
95826
95827
95828
95829
95830
95831
95832
95833
95834
95835
95836
95837
95838
95839
95840
95841
95842
95843
95844
95845
95846
95847
95848
95849
95850
95851
95852
95853
95854
95855
95856
95857
95858
95859
95860
95861
95862
95865
95866
95867
95868
95869
95870
95871
95872
95873
95874
95875
95876
95877
95878
95879
95880
95881
95882
95883
95884
95885
95886
95887
95888
95889
95890
95891
95892
95893
95894
95895
95896
95897
95898
95899
95900
95901
95902
95903
95904
95905
95906
95907
95908
95909
95910
95911
95912
95913
95914
95915
95916
95917
95918
95919
95920
95921
95922
95923
95924
95925
95926
95927
95928
95929
95930
95931
95932
95933
95934
95935
95936
95937
95938
95939
95940
95941
95942
95943
95944
95945
95946
95947
95948
95949
95950
95951
95952
95953
95954
95955
95956
95957
95958
95959
95960
95961
95962
95963
95978
95979
95980
95990
95991
95992
95993
95994
95995
95996
96006
96007
96008
96009
96010
96011
96012
96022
96023
96024
96025
96026
96027
96028
96039
96040
96041
96042
96043
96044
96045
96056
96057
96058
96059
96060
96061
96062
96063
96064
96065
96066
96067
96073
96074
96075
96076
96077
96078
96079
96080
96081
96082
96083
96084
96090
96091
96092
96093
96094
96095
96096
96097
96098
96099
96100
96101
96108
96109
96110
96111
96112
96113
96114
96115
96116
96117
96118
96119
96126
96127
96128
96129
96130
96131
96132
96133
96134
96135
96136
96137
96144
96145
96146
96147
96148
96149
96150
96151
96152
96153
96154
96155
96170
96171
96172
96182
96183
96184
96185
96186
96187
96188
96199
96200
96201
96202
96203
96204
96205
96216
96217
96218
96219
96220
96221
96222
96233
96234
96235
96236
96237
96238
96239
96250
96251
96252
96253
96254
96255
96256
96267
96268
96269
96270
96271
96272
96273
96284
96285
96286
96287
96288
96289
96290
96291
96292
96293
96294
96295
96302
96303
96304
96305
96306
96307
96308
96309
96310
96311
96312
96313
96320
96321
96322
96323
96324
96325
96326
96327
96328
96329
96330
96331
96338
96339
96340
96341
96342
96343
96344
96345
96346
96347
96348
96349
96356
96357
96358
96359
96360
96361
96362
96363
96364
96365
96366
96367
96374
96375
96376
96377
96378
96379
96380
96381
96382
96383
96384
96385
96402
96403
96404
96414
96415
96416
96417
96418
96419
96420
96431
96432
96433
96434
96435
96436
96437
96448
96449
96450
96451
96452
96453
96454
96465
96466
96467
96468
96469
96470
96471
96483
96484
96485
96486
96487
96488
96489
96501
96502
96503
96504
96505
96506
96507
96519
96520
96521
96522
96523
96524
96525
96537
96538
96539
96540
96541
96542
96543
96555
96556
96557
96558
96559
96560
96561
96562
96563
96564
96565
96566
96573
96574
96575
96576
96577
96578
96579
96580
96581
96582
96583
96584
96591
96592
96593
96594
96595
96596
96597
96598
96599
96600
96601
96602
96609
96610
96611
96612
96613
96614
96615
96616
96617
96618
96619
96620
96629
96630
96631
96632
96633
96634
96635
96636
96637
96638
96639
96640
96665
96666
96667
96677
96678
96679
96680
96681
96682
96683
96694
96695
96696
96697
96698
96699
96700
96711
96712
96713
96714
96715
96716
96717
96728
96729
96730
96731
96732
96733
96734
96746
96747
96748
96749
96750
96751
96752
96764
96765
96766
96767
96768
96769
96770
96782
96783
96784
96785
96786
96787
96788
96800
96801
96802
96803
96804
96805
96806
96818
96819
96820
96821
96822
96823
96824
96836
96837
96838
96839
96840
96841
96842
96843
96844
96845
96846
96847
96854
96855
96856
96857
96858
96859
96860
96861
96862
96863
96864
96865
96872
96873
96874
96875
96876
96877
96878
96879
96880
96881
96882
96883
96892
96893
96894
96895
96896
96897
96898
96899
96900
96901
96902
96903
96912
96913
96914
96915
96916
96917
96918
96919
96920
96921
96922
96923
96948
96949
96950
96960
96961
96962
96963
96964
96965
96966
96977
96978
96979
96980
96981
96982
96983
96994
96995
96996
96997
96998
96999
97000
97011
97012
97013
97014
97015
97016
97017
97029
97030
97031
97032
97033
97034
97035
97047
97048
97049
97050
97051
97052
97053
97065
97066
97067
97068
97069
97070
97071
97083
97084
97085
97086
97087
97088
97089
97101
97102
97103
97104
97105
97106
97107
97119
97120
97121
97122
97123
97124
97125
97137
97138
97139
97140
97141
97142
97143
97144
97145
97146
97147
97148
97155
97156
97157
97158
97159
97160
97161
97162
97163
97164
97165
97166
97175
97176
97177
97178
97179
97180
97181
97182
97183
97184
97185
97186
97195
97196
97197
97198
97199
97200
97201
97202
97203
97204
97205
97206
97215
97216
97217
97218
97219
97220
97221
97222
97223
97224
97225
97226
97251
97252
97263
97264
97265
97266
97267
97268
97280
97281
97282
97283
97284
97285
97297
97298
97299
97300
97301
97302
97303
97314
97315
97316
97317
97318
97319
97320
97332
97333
97334
97335
97336
97337
97338
97350
97351
97352
97353
97354
97355
97356
97368
97369
97370
97371
97372
97373
97374
97386
97387
97388
97389
97390
97391
97392
97404
97405
97406
97407
97408
97409
97410
97422
97423
97424
97425
97426
97427
97428
97440
97441
97442
97443
97444
97445
97446
97458
97459
97460
97461
97462
97463
97464
97465
97466
97467
97468
97469
97478
97479
97480
97481
97482
97483
97484
97485
97486
97487
97488
97489
97498
97499
97500
97501
97502
97503
97504
97505
97506
97507
97508
97509
97518
97519
97520
97521
97522
97523
97524
97525
97526
97527
97528
97529
97554
97555
97566
97567
97568
97569
97570
97571
97583
97584
97585
97586
97587
97588
97600
97601
97602
97603
97604
97605
97617
97618
97619
97620
97621
97622
97635
97636
97637
97638
97639
97640
97653
97654
97655
97656
97657
97658
97659
97671
97672
97673
97674
97675
97676
97677
97689
97690
97691
97692
97693
97694
97695
97707
97708
97709
97710
97711
97712
97713
97725
97726
97727
97728
97729
97730
97731
97743
97744
97745
97746
97747
97748
97749
97761
97762
97763
97764
97765
97766
97767
97781
97782
97783
97784
97785
97786
97787
97788
97789
97790
97791
97792
97801
97802
97803
97804
97805
97806
97807
97808
97809
97810
97811
97812
97821
97822
97823
97824
97825
97826
97827
97828
97829
97830
97831
97832
97841
97842
97843
97844
97845
97846
97847
97848
97849
97850
97851
97852
97883
97895
97896
97897
97898
97899
97912
97913
97914
97915
97916
97929
97930
97931
97932
97933
97946
97947
97948
97949
97950
97951
97964
97965
97966
97967
97968
97969
97982
97983
97984
97985
97986
97987
98000
98001
98002
98003
98004
98005
98006
98018
98019
98020
98021
98022
98023
98024
98036
98037
98038
98039
98040
98041
98042
98055
98056
98057
98058
98059
98060
98061
98074
98075
98076
98077
98078
98079
98080
98093
98094
98095
98096
98097
98098
98099
98113
98114
98115
98116
98117
98118
98119
98133
98134
98135
98136
98137
98138
98139
98140
98141
98142
98143
98144
98153
98154
98155
98156
98157
98158
98159
98160
98161
98162
98163
98164
98173
98174
98175
98176
98177
98178
98179
98180
98181
98182
98183
98184
98193
98194
98195
98196
98197
98198
98199
98200
98201
98202
98203
98204
98235
98247
98248
98249
98250
98251
98264
98265
98266
98267
98268
98281
98282
98283
98284
98285
98298
98299
98300
98301
98302
98316
98317
98318
98319
98320
98334
98335
98336
98337
98338
98339
98352
98353
98354
98355
98356
98357
98370
98371
98372
98373
98374
98375
98376
98388
98389
98390
98391
98392
98393
98394
98407
98408
98409
98410
98411
98412
98413
98426
98427
98428
98429
98430
98431
98432
98445
98446
98447
98448
98449
98450
98451
98465
98466
98467
98468
98469
98470
98471
98485
98486
98487
98488
98489
98490
98491
98505
98506
98507
98508
98509
98510
98511
98512
98513
98514
98515
98516
98525
98526
98527
98528
98529
98530
98531
98532
98533
98534
98535
98536
98545
98546
98547
98548
98549
98550
98551
98552
98553
98554
98555
98556
98587
98599
98600
98601
98602
98603
98616
98617
98618
98619
98620
98633
98634
98635
98636
98637
98650
98651
98652
98653
98654
98668
98669
98670
98671
98672
98686
98687
98688
98689
98690
98704
98705
98706
98707
98708
98709
98722
98723
98724
98725
98726
98727
98740
98741
98742
98743
98744
98745
98746
98759
98760
98761
98762
98763
98764
98765
98778
98779
98780
98781
98782
98783
98784
98797
98798
98799
98800
98801
98802
98803
98817
98818
98819
98820
98821
98822
98823
98837
98838
98839
98840
98841
98842
98843
98857
98858
98859
98860
98861
98862
98863
98864
98865
98866
98867
98868
98877
98878
98879
98880
98881
98882
98883
98884
98885
98886
98887
98888
98898
98899
98900
98901
98902
98903
98904
98905
98906
98907
98908
98909
98919
98920
98921
98922
98923
98924
98925
98926
98927
98928
98929
98930
98962
98974
98975
98976
98977
98978
98991
98992
98993
98994
98995
99008
99009
99010
99011
99012
99025
99026
99027
99028
99029
99043
99044
99045
99046
99047
99061
99062
99063
99064
99065
99079
99080
99081
99082
99083
99097
99098
99099
99100
99101
99102
99115
99116
99117
99118
99119
99120
99134
99135
99136
99137
99138
99139
99140
99153
99154
99155
99156
99157
99158
99159
99172
99173
99174
99175
99176
99177
99178
99191
99192
99193
99194
99195
99196
99197
99211
99212
99213
99214
99215
99216
99217
99231
99232
99233
99234
99235
99236
99237
99252
99253
99254
99255
99256
99257
99258
99259
99260
99261
99262
99263
99273
99274
99275
99276
99277
99278
99279
99280
99281
99282
99283
99284
99286
99287
99288
99289
99290
99291
99292
99293
99294
99295
99296
99297
99321
99333
99334
99335
99336
99337
99350
99351
99352
99353
99354
99367
99368
99369
99370
99371
99384
99385
99386
99387
99388
99402
99403
99404
99405
99406
99420
99421
99422
99423
99424
99438
99439
99440
99441
99442
99456
99457
99458
99459
99460
99474
99475
99476
99477
99478
99479
99493
99494
99495
99496
99497
99498
99512
99513
99514
99515
99516
99517
99518
99531
99532
99533
99534
99535
99536
99537
99550
99551
99552
99553
99554
99555
99556
99570
99571
99572
99573
99574
99575
99576
99581
99582
99583
99584
99585
99586
99587
99592
99593
99594
99595
99596
99597
99598
99599
99600
99601
99602
99603
99604
99605
99606
99607
99608
99609
99610
99611
99612
99613
99614
99615
99616
99617
99618
99619
99620
99621
99622
99623
99624
99625
99626
99627
99628
99629
99630
99631
99632
99633
99634
99635
99658
99670
99671
99672
99673
99674
99687
99688
99689
99690
99691
99704
99705
99706
99707
99708
99721
99722
99723
99724
99725
99739
99740
99741
99742
99743
99757
99758
99759
99760
99761
99775
99776
99777
99778
99779
99793
99794
99795
99796
99797
99811
99812
99813
99814
99815
99816
99828
99829
99830
99831
99832
99833
99845
99846
99847
99848
99849
99850
99851
99861
99862
99863
99864
99865
99866
99867
99877
99878
99879
99880
99881
99882
99883
99893
99894
99895
99896
99897
99898
99899
99904
99905
99906
99907
99908
99909
99910
99915
99916
99917
99918
99919
99920
99921
99926
99927
99928
99929
99930
99931
99932
99933
99934
99935
99936
99937
99938
99939
99940
99941
99942
99943
99944
99945
99946
99963
99975
99976
99977
99978
99979
99992
99993
99994
99995
99996
100009
100010
100011
100012
100013
100026
100027
100028
100029
100030
100044
100045
100046
100047
100048
100062
100063
100064
100065
100066
100080
100081
100082
100083
100084
100098
100099
100100
100101
100102
100116
100117
100118
100119
100120
100133
100134
100135
100136
100137
100138
100150
100151
100152
100153
100154
100155
100156
100166
100167
100168
100169
100170
100171
100172
100182
100183
100184
100185
100186
100187
100188
100214
100226
100227
100228
100229
100230
100243
100244
100245
100246
100247
100260
100261
100262
100263
100264
100277
100278
100279
100280
100281
100295
100296
100297
100298
100299
100313
100314
100315
100316
100317
100331
100332
100333
100334
100335
100349
100350
100351
100352
100353
100367
100368
100369
100370
100371
100384
100385
100386
100387
100388
100389
100401
100402
100403
100404
100405
100406
100441
100442
100443
100444
100445
100695
100696
100697
100698
100699
100708
100709
100710
100719
100720
100725
100731
100732
100733
100734
100735
100747
100748
100749
100761
100762
100763
100764
100765
100766
100767
100768
100769
100770
100771
100772
100773
100774
100791
100795
100796
100797
100798
100799
100800
100801
100802
100805
100816
100818
100830
100831
100832
100833
100834
100835
100836
100837
100843
100845
100848
100856
100858
100861
100862
100869
100873
100874
100880
100883
100887
100894
100904
100907
100908
100909
100910
100911
100912
100913
100914
100915
100916
100924
100926
100937
100939
100947
100948
100949
100950
100951
100952
100953
100954
100955
100958
100969
100980
100992
100993
100994
100995
100996
100997
100998
100999
101025
101040
101052
101053
101746
101747
101748
101749
101750
101751
101752
101753
101754
101755
101756
101757
101758
101759
101760
101761
101762
101763
101764
101769
101770
101771
101772
101773
101774
101775
101780
101781
101782
101783
101784
101785
101786
101791
101792
101793
101794
101795
101796
101797
101798
101799
101800
101801
101802
101803
101804
101805
101806
101807
101808
101809
101810
101811
101812
101813
101814
101815
101816
101817
101818
101819
101820
101821
101822
101823
101824
101825
101826
101827
101923
101933
101943
101953
102020
102030
102040
102098
102106
102114
118766
118767
118768
118769
118770
118771
118772
118773
118774
118775
118776
118777
118782
118783
118784
118785
118786
118787
118788
118789
118790
118791
118792
118793
118798
118799
118800
118801
118802
118803
118804
118805
118806
118807
118808
118809
118814
118815
118816
118817
118818
118819
118820
118821
118822
118823
118824
118825
118826
118827
118828
118829
118830
118831
118832
118837
118838
118839
118840
118841
118842
118843
118844
118845
118846
118847
118848
118853
118854
118855
118856
118857
118858
118859
118860
118861
118862
118863
118864
118869
118870
118871
118872
118873
118874
118875
118876
118877
118878
118879
118880
118885
118886
118887
118888
118889
118890
118891
118892
118893
118894
118895
118896
118901
118902
118903
118904
118905
118906
118907
118908
118909
118910
118911
118912
118917
118918
118919
118920
118921
118922
118923
118924
118925
118926
118927
118928
118929
118930
118931
118932
118933
118934
118935
118940
118941
118942
118943
118944
118945
118946
118947
118948
118949
118950
118951
118956
118957
118958
118959
118960
118961
118962
118963
118964
118965
118966
118967
118972
118973
118974
118975
118976
118977
118978
118979
118980
118981
118982
118983
118988
118989
118990
118991
118992
118993
118994
118995
118996
118997
118998
118999
119004
119005
119006
119007
119008
119009
119010
119011
119012
119013
119014
119015
119020
119021
119022
119023
119024
119025
119026
119027
119028
119029
119030
119031
119032
119033
119034
119035
119036
119037
119038
119040
119041
119042
119043
119044
119045
119046
119047
119048
119049
119050
119051
119056
119057
119058
119059
119060
119061
119062
119063
119064
119065
119066
119067
119072
119073
119074
119075
119076
119077
119078
119079
119080
119081
119082
119083
119088
119089
119090
119091
119092
119093
119094
119095
119096
119097
119098
119099
119104
119105
119106
119107
119108
119109
119110
119120
119121
119122
119123
119124
119125
119126
119130
119131
119132
119133
119134
119135
119136
119140
119141
119142
119143
119144
119145
119146
119163
119164
119165
119166
119167
119168
119169
119178
119179
119180
119181
119182
119183
119184
119193
119194
119195
119196
119197
119198
119199
119202
119203
119204
119205
119206
119207
119208
119211
119212
119213
119214
119215
119216
119217
119219
119220
119221
119222
119223
119224
119225
119227
119228
119229
119230
119231
119232
119233
119234
119235
119236
119237
119238
119239
119240
119241
119242
119243
119244
119245
119246
119247
119248
119249
119250
119251
119252
119253
119254
119255
119256
119257
119258
119259
119260
119261
119262
119263
119264
119265
119266
119267
119268
119269
119270
119271
119272
119273
119274
119275
119276
119277
119278
119279
119280
119281
119283
119284
119285
119286
119292
119293
119294
119295
119296
119297
119298
119307
119308
119309
119310
119311
119312
119313
119323
119324
119325
119326
119327
119328
119329
119339
119340
119341
119342
119343
119344
119345
119347
119348
119349
119350
119351
119352
119353
119354
119355
119356
119357
119366
119367
119368
119369
119370
119371
119372
119381
119382
119383
119384
119385
119386
119387
119397
119398
119399
119400
119401
119402
119403
119413
119414
119415
119416
119417
119418
119419
119421
119422
119423
119424
119431
119432
119433
119434
119435
119436
119437
119446
119447
119448
119449
119450
119451
119452
119461
119462
119463
119464
119465
119466
119467
119477
119478
119479
119480
119481
119482
119483
119493
119494
119495
119496
119497
119498
119499
119501
119502
119503
119504
119512
119513
119514
119515
119516
119517
119518
119527
119528
119529
119530
119531
119532
119533
119543
119544
119545
119546
119547
119548
119549
119559
119560
119561
119562
119563
119564
119565
119567
119568
119569
119570
119571
119572
119573
119575
119576
119577
119578
119579
119589
119590
119591
119592
119593
119594
119595
119605
119606
119607
119608
119609
119610
119611
119621
119622
119623
119624
119625
119626
119627
119637
119638
119639
119640
119641
119642
119645
119646
119647
119648
119649
119650
119653
119654
119655
119656
119657
119658
119659
119660
119661
119662
119663
119673
119674
119675
119676
119677
119678
119689
119690
119691
119692
119693
119694
119705
119706
119707
119708
119709
119710
119721
119722
119723
119724
119725
119726
119729
119730
119731
119732
119733
119734
119737
119738
119739
119740
119741
119742
119743
119744
119745
119746
119757
119758
119759
119760
119761
119762
119773
119774
119775
119776
119777
119778
119789
119790
119791
119792
119793
119794
119805
119806
119807
119808
119809
119810
119813
119814
119815
119816
119817
119818
119821
119822
119823
119824
119825
119826
119827
119828
119829
119841
119842
119843
119844
119845
119857
119858
119859
119860
119861
119867
119868
119869
119870
119871
119875
119876
119877
119878
119879
119883
119884
119885
119886
119887
119888
119889
119890
119891
119903
119904
119905
119906
119907
119919
119920
119921
119922
119923
119929
119930
119931
119932
119933
119937
119938
119939
119940
119941
119945
119946
119947
119948
119949
119950
119951
119952
119953
119965
119966
119967
119968
119969
119975
119976
119977
119978
119979
119983
119984
119985
119986
119987
119991
119992
119993
119994
119995
119996
119997
119998
119999
120011
120012
120013
120014
120015
120021
120022
120023
120024
120025
120029
120030
120031
120032
120033
120037
120038
120039
120040
120041
120042
120043
120044
120045
120051
120052
120053
120054
120055
120059
120060
120061
120062
120063
120067
120068
120069
120070
120071
120072
120073
120074
120075
120081
120082
120083
120084
120085
120089
120090
120091
120092
120093
120097
120098
120099
120100
120101
120102
120103
120104
120105
120109
120110
120111
120112
120113
120117
120118
120119
120120
120121
120122
120123
120124
120125
120129
120130
120131
120132
120133
120137
120138
120139
120140
120141
120142
120143
120144
120145
120146
120147
120148
120149
120150
120151
120152
120153
120154
120155
120159
120162
120168
120172
120180
120186
120187
120188
120189
120190
120191
120192
120193
120194
120195
120196
120197
120198
120223
120224
120225
120226
120227
120228
120229
120230
120231
120232
120233
120234
120235
120236
120237
120238
120239
120240
120241
120242
120243
120244
120245
120246
120247
120248
120249
120250
121410
121411
121412
121413
121414
121416
121417
121418
121419
121420
121421
121422
121423
121424
121425
121426
121427
121428
121429
121430
121431
121432
121433
121434
121435
121436
121437
121438
121439
121441
121442
121443
121444
121445
121447
121448
121449
121450
121451
121452
121453
121454
121455
121456
121457
121458
121459
121460
121461
121462
121463
121464
121465
121466
121467
121468
121469
121470
121471
121472
121473
121474
121475
121476
121477
121478
121479
121480
121481
121482
121483
121484
121485
121486
121487
121488
121489
121490
121491
121492
121493
121494
121495
121496
121497
121498
121499
121500
121501
121502
121503
121504
121505
121506
121507
121508
121509
121510
121511
121512
121513
121514
121515
121516
121517
121518
121519
121520
121521
121522
121523
121524
121525
121526
121527
121528
121529
121530
121531
121532
121533
121534
121535
121536
121537
121538
121539
121540
121541
121542
121543
121544
121545
121546
121547
121548
121549
121550
121551
121552
121553
121554
121555
121556
121558
121559
121560
121564
121565
121566
121567
121568
121569
121570
121571
121573
121574
121576
121577
121579
121580
121581
121582
121583
121584
121585
121586
121587
121588
121589
121590
121591
121592
121593
121594
121595
121596
121597
121598
121599
121600
121601
121602
121603
121604
121605
121606
121607
121608
121609
121610
121611
121612
121613
121614
121615
121616
121617
121618
121619
121620
121621
121622
121623
121624
121625
121626
121627
121628
121629
121630
121631
121632
121633
121634
121635
121636
121637
121638
121639
121640
121641
121642
121643
121644
121645
121646
121647
121648
121649
121650
121652
121653
121654
121655
121656
121657
121658
121665
121666
121667
121668
121669
121670
121671
121678
121679
121680
121681
121682
121683
121684
121685
121686
121687
121688
121689
121690
121691
121692
121693
121694
121695
121696
121697
121698
121699
121700
121701
121702
121703
121704
121705
121706
121707
121708
121709
121710
121711
121712
121713
121714
121715
121716
121717
121718
121719
121720
121721
121722
121723
121724
121725
121726
121727
121728
121729
121730
121731
121732
121733
121734
121735
121736
121737
121738
121739
121740
121741
121742
121743
121744
121750
121751
121752
121753
121754
121755
121756
121763
121764
121765
121766
121767
121768
121769
121776
121777
121778
121779
121780
121781
121782
121793
121794
121795
121796
121797
121798
121799
121800
121801
121802
121803
121804
121805
121806
121807
121808
121809
121810
121811
121812
121813
121814
121815
121816
121817
121818
121819
121820
121821
121822
121823
121824
121825
121826
121827
121828
121829
121830
121831
121832
121833
121834
121835
121836
121837
121838
121839
121840
121841
121842
121843
121844
121845
121846
121847
121848
121849
121850
121851
121852
121853
121854
121855
121856
121857
121858
121859
121865
121866
121867
121868
121869
121870
121871
121877
121878
121879
121880
121881
121882
121883
121890
121891
121892
121893
121894
121895
121896
121903
121904
121905
121906
121907
121908
121909
121921
121922
121923
121924
121925
121926
121927
121928
121929
121930
121931
121932
121933
121934
121935
121936
121937
121938
121939
121940
121941
121942
121943
121944
121945
121946
121947
121948
121949
121950
121951
121952
121953
121954
121955
121956
121957
121958
121959
121960
121961
121962
121963
121964
121965
121966
121967
121968
121969
121970
121971
121972
121973
121974
121975
121976
121977
121978
121979
121980
121981
121982
121983
121984
121985
121986
121987
121993
121994
121995
121996
121997
121998
121999
122005
122006
122007
122008
122009
122010
122011
122017
122018
122019
122020
122021
122022
122023
122030
122031
122032
122033
122034
122035
122036
122043
122044
122045
122046
122047
122048
122049
122056
122063
122064
122065
122066
122067
122068
122069
122070
122071
122072
122073
122074
122075
122076
122077
122078
122079
122080
122081
122082
122083
122084
122085
122086
122087
122088
122089
122090
122091
122092
122093
122094
122095
122096
122097
122098
122099
122100
122101
122102
122103
122104
122105
122106
122107
122108
122109
122110
122111
122112
122113
122114
122115
122116
122117
122123
122124
122125
122126
122127
122128
122129
122135
122136
122137
122138
122139
122140
122141
122147
122148
122149
122150
122151
122152
122153
122159
122160
122161
122162
122163
122164
122165
122172
122173
122174
122175
122176
122177
122178
122185
122186
122187
122188
122189
122190
122191
122198
122199
122200
122201
122202
122203
122204
122211
122212
122213
122214
122215
122216
122217
122218
122219
122220
122221
122222
122223
122224
122225
122226
122227
122228
122229
122230
122231
122232
122233
122234
122235
122236
122237
122238
122239
122240
122241
122242
122243
122244
122245
122246
122247
122248
122249
122250
122251
122252
122253
122254
122255
122256
122257
122258
122259
122260
122261
122262
122263
122264
122265
122271
122272
122273
122274
122275
122276
122277
122283
122284
122285
122286
122287
122288
122289
122295
122296
122297
122298
122299
122300
122301
122307
122308
122309
122310
122311
122312
122313
122319
122320
122321
122322
122323
122324
122325
122332
122333
122334
122335
122336
122337
122338
122345
122346
122347
122348
122349
122350
122358
122359
122360
122361
122362
122363
122371
122372
122373
122374
122375
122376
122377
122378
122379
122380
122381
122382
122383
122384
122385
122386
122387
122388
122389
122390
122391
122392
122393
122394
122395
122396
122397
122398
122399
122400
122401
122402
122403
122404
122405
122406
122407
122408
122409
122410
122411
122412
122413
122414
122415
122416
122417
122418
122419
122420
122421
122422
122423
122424
122425
122431
122432
122433
122434
122435
122436
122437
122443
122444
122445
122446
122447
122448
122449
122455
122456
122457
122458
122459
122460
122461
122467
122468
122469
122470
122471
122472
122473
122479
122480
122481
122482
122483
122484
122485
122491
122492
122493
122494
122495
122496
122497
122504
122505
122506
122507
122508
122509
122517
122518
122519
122520
122521
122522
122533
122534
122535
122536
122537
122538
122549
122550
122551
122552
122553
122565
122566
122567
122568
122569
122570
122571
122572
122573
122574
122575
122576
122577
122578
122579
122580
122581
122582
122583
122584
122585
122586
122587
122588
122589
122590
122591
122592
122593
122594
122595
122596
122597
122598
122599
122600
122601
122602
122603
122604
122605
122606
122607
122613
122614
122615
122616
122617
122618
122619
122625
122626
122627
122628
122629
122630
122631
122637
122638
122639
122640
122641
122642
122643
122649
122650
122651
122652
122653
122654
122655
122661
122662
122663
122664
122665
122666
122667
122673
122674
122675
122676
122677
122678
122679
122685
122686
122687
122688
122689
122690
122698
122699
122700
122701
122702
122703
122714
122715
122716
122717
122718
122730
122731
122732
122733
122734
122746
122747
122748
122749
122750
122762
122763
122764
122765
122766
122767
122768
122769
122770
122771
122772
122773
122774
122775
122776
122777
122778
122779
122780
122781
122782
122783
122784
122785
122786
122787
122788
122789
122790
122791
122792
122793
122794
122795
122796
122797
122798
122799
122800
122801
122802
122803
122804
122805
122806
122807
122808
122809
122810
122811
122812
122813
122814
122815
122816
122822
122823
122824
122825
122826
122827
122828
122834
122835
122836
122837
122838
122839
122840
122846
122847
122848
122849
122850
122851
122852
122858
122859
122860
122861
122862
122863
122864
122871
122872
122873
122874
122875
122876
122877
122884
122885
122886
122887
122888
122889
122897
122898
122899
122900
122901
122902
122910
122911
122912
122913
122914
122926
122927
122928
122929
122930
122942
122943
122944
122945
122946
122958
122959
122960
122961
122962
122974
122975
122976
122977
122978
122979
122980
122981
122982
122983
122984
122985
122986
122987
122988
122989
122990
122991
122992
122993
122994
122995
122996
122997
122998
122999
123000
123001
123002
123003
123004
123005
123006
123007
123008
123009
123010
123011
123012
123013
123014
123015
123016
123022
123023
123024
123025
123026
123027
123028
123034
123035
123036
123037
123038
123039
123040
123046
123047
123048
123049
123050
123051
123052
123058
123059
123060
123061
123062
123063
123064
123071
123072
123073
123074
123075
123076
123077
123084
123085
123086
123087
123088
123089
123097
123098
123099
123100
123101
123102
123113
123114
123115
123116
123117
123129
123130
123131
123132
123133
123145
123146
123147
123148
123149
123161
123162
123163
123164
123165
123177
123178
123179
123180
123181
123193
123194
123195
123196
123197
123198
123199
123200
123201
123202
123203
123204
123206
123207
123208
123209
123210
123211
123212
123213
123214
123215
123216
123217
123219
123220
123221
123222
123223
123224
123225
123226
123227
123228
123229
123230
123232
123233
123234
123235
123236
123237
123238
123239
123240
123241
123242
123243
123245
123246
123247
123248
123249
123250
123251
123258
123259
123260
123261
123262
123263
123264
123271
123272
123273
123274
123275
123276
123277
123284
123285
123286
123287
123288
123289
123290
123297
123298
123299
123300
123301
123302
123303
123310
123311
123312
123313
123314
123315
123323
123324
123325
123326
123327
123328
123339
123340
123341
123342
123343
123355
123356
123357
123358
123359
123371
123372
123373
123374
123375
123387
123388
123389
123390
123391
123403
123404
123405
123406
123407
123419
123420
123421
123422
123423
123435
123436
123437
123438
123439
123440
123441
123442
123443
123444
123445
123446
123448
123449
123450
123451
123452
123453
123454
123455
123456
123457
123458
123459
123461
123462
123463
123464
123465
123466
123467
123468
123469
123470
123471
123472
123474
123475
123476
123477
123478
123479
123480
123487
123488
123489
123490
123491
123492
123493
123500
123501
123502
123503
123504
123505
123506
123513
123514
123515
123516
123517
123518
123519
123526
123527
123528
123529
123530
123531
123532
123540
123541
123542
123543
123544
123545
123546
123554
123555
123556
123557
123558
123559
123568
123569
123570
123571
123572
123573
123584
123585
123586
123587
123588
123600
123601
123602
123603
123604
123616
123617
123618
123619
123620
123632
123633
123634
123635
123636
123648
123649
123650
123651
123652
123664
123665
123666
123667
123668
123680
123681
123682
123683
123684
123685
123686
123687
123688
123689
123690
123691
123694
123695
123696
123697
123698
123699
123700
123701
123702
123703
123704
123705
123708
123709
123710
123711
123712
123713
123714
123715
123716
123717
123718
123719
123722
123723
123724
123725
123726
123727
123728
123736
123737
123738
123739
123740
123741
123742
123750
123751
123752
123753
123754
123755
123756
123764
123765
123766
123767
123768
123769
123770
123778
123779
123780
123781
123782
123783
123784
123792
123793
123794
123795
123796
123797
123798
123806
123807
123808
123809
123810
123811
123821
123822
123823
123824
123825
123837
123838
123839
123840
123841
123842
123843
123844
123845
123846
123847
123848
123851
123852
123853
123854
123855
123856
123857
123858
123859
123860
123861
123862
123865
123866
123867
123868
123869
123870
123871
123872
123873
123874
123875
123876
123879
123880
123881
123882
123883
123884
123885
123893
123894
123895
123896
123897
123898
123899
123907
123908
123909
123910
123911
123912
123913
123921
123922
123923
123924
123925
123926
123927
123935
123936
123937
123938
123939
123940
123941
123949
123950
123951
123952
123953
123954
123955
123956
123957
123958
123959
123960
123963
123964
123965
123966
123967
123968
123969
123970
123971
123972
123973
123974
123977
123978
123979
123980
123981
123982
123983
123984
123985
123986
123987
123988
123991
123992
123993
123994
123995
123996
123997
123998
123999
124000
124001
124002
124005
124006
124007
124008
124009
124010
124011
124019
124020
124021
124022
124023
124024
124025
124033
124034
124035
124036
124037
124038
124039
124047
124048
124049
124050
124051
124052
124053
124061
124062
124063
124064
124065
124066
124067
124068
124069
124070
124071
124072
124075
124076
124077
124078
124079
124080
124081
124082
124083
124084
124085
124086
124089
124090
124091
124092
124093
124094
124095
124096
124097
124098
124099
124100
124103
124104
124105
124106
124107
124108
124109
124110
124111
124112
124113
124114
124117
124118
124119
124120
124121
124122
124123
124131
124132
124133
124134
124135
124136
124137
124145
124146
124147
124148
124149
124150
124151
124159
124160
124161
124162
124163
124164
124165
124166
124167
124168
124169
124170
124173
124174
124175
124176
124177
124178
124179
124180
124181
124182
124183
124184
124187
124188
124189
124190
124191
124192
124193
124194
124195
124196
124197
124198
124201
124202
124203
124204
124205
124206
124207
124215
124216
124217
124218
124219
124220
124221
124222
124223
124224
124225
124226
124229
124230
124231
124232
124233
124234
124235
124236
124237
124238
124239
124240
124243
124244
124245
124246
124247
124259
124260
124261
124262
124263
124275
124276
124277
124278
124279
124292
124293
124294
124295
124296
124309
124310
124311
124312
124313
124326
124327
124328
124329
124330
124343
124344
124345
124346
124347
124360
124361
124362
124363
124364
124370
124371
124372
124373
124374
124380
124381
124382
124383
124384
124396
124397
124398
124399
124400
124412
124413
124414
124415
124416
124428
124429
124430
124431
124432
124444
124445
124446
124447
124448
124460
124461
124462
124463
124464
124476
124477
124478
124479
124480
124493
124494
124495
124496
124497
124498
124507
124508
124509
124510
124511
124512
124522
124523
124524
124525
124526
124538
124539
124540
124541
124542
124554
124555
124556
124557
124558
124570
124571
124572
124573
124574
124586
124587
124588
124589
124590
124602
124603
124604
124605
124606
124618
124619
124620
124621
124622
124634
124635
124636
124637
124638
124651
124652
124653
124654
124655
124668
124669
124670
124671
124672
124673
124674
124682
124683
124684
124685
124686
124687
124696
124697
124698
124699
124700
124701
124711
124712
124713
124714
124715
124727
124728
124729
124730
124731
124743
124744
124745
124746
124747
124759
124760
124761
124762
124763
124775
124776
124777
124778
124779
124792
124793
124794
124795
124796
124804
124805
124806
124807
124808
124816
124817
124818
124819
124820
124828
124829
124830
124831
124832
124840
124841
124842
124843
124844
124845
124846
124847
124848
124849
124850
124851
124859
124860
124861
124862
124863
124864
124865
124873
124874
124875
124876
124877
124878
124888
124889
124890
124891
124892
124893
124903
124904
124905
124906
124907
124919
124920
124921
124922
124923
124935
124936
124937
124938
124939
124951
124952
124953
124954
124955
124967
124968
124997
124998
124999
125000
125001
125002
125003
125011
125012
125013
125014
125015
125016
125017
125025
125026
125027
125028
125029
125030
125031
125039
125040
125041
125042
125043
125044
125045
125053
125054
125055
125056
125057
125058
125067
125068
125069
125070
125071
125072
125082
125083
125084
125085
125086
125087
125097
125098
125099
125100
125101
125113
125114
125115
125116
125117
125129
125130
125131
125132
125133
125145
125146
125147
125148
125149
125150
125151
125152
125153
125154
125155
125156
125159
125160
125161
125162
125163
125164
125165
125173
125174
125175
125176
125177
125178
125179
125187
125188
125189
125190
125191
125192
125193
125201
125202
125203
125204
125205
125206
125207
125215
125216
125217
125218
125219
125220
125221
125229
125230
125231
125232
125233
125234
125243
125244
125245
125246
125247
125248
125258
125259
125260
125261
125262
125263
125273
125274
125275
125276
125277
125289
125290
125291
125292
125293
125305
125306
125307
125308
125309
125321
125322
125323
125324
125325
125326
125327
125328
125329
125330
125331
125332
125335
125336
125337
125338
125339
125340
125341
125342
125343
125344
125345
125346
125349
125350
125351
125352
125353
125354
125355
125356
125357
125358
125359
125360
125363
125364
125365
125366
125367
125368
125369
125370
125371
125372
125373
125374
125377
125378
125379
125380
125381
125382
125383
125391
125392
125393
125394
125395
125396
125397
125405
125406
125407
125408
125409
125410
125411
125419
125420
125421
125422
125423
125424
125425
125433
125434
125435
125436
125437
125438
125439
125447
125448
125449
125450
125451
125452
125462
125463
125464
125465
125466
125467
125477
125478
125479
125480
125481
125492
125493
125494
125495
125496
125497
125498
125499
125500
125501
125502
125503
125506
125507
125508
125509
125510
125511
125512
125513
125514
125515
125516
125517
125520
125521
125522
125523
125524
125525
125526
125527
125528
125529
125530
125531
125534
125535
125536
125537
125538
125539
125540
125541
125542
125543
125544
125545
125549
125550
125551
125552
125553
125554
125555
125564
125565
125566
125567
125568
125569
125570
125579
125580
125581
125582
125583
125584
125585
125594
125595
125596
125597
125598
125599
125600
125609
125610
125611
125612
125613
125614
125615
125624
125625
125626
125627
125628
125629
125639
125640
125641
125642
125643
125644
125645
125646
125647
125648
125649
125650
125653
125654
125655
125656
125657
125658
125659
125660
125661
125662
125663
125664
125667
125668
125669
125670
125671
125672
125673
125674
125675
125676
125677
125678
125681
125682
125683
125684
125685
125686
125687
125695
125696
125697
125698
125699
125700
125701
125709
125710
125711
125712
125713
125714
125715
125723
125724
125725
125726
125727
125728
125729
125737
125738
125739
125740
125741
125742
125743
125752
125753
125754
125755
125756
125757
125767
125768
125769
125770
125771
125772
125773
125774
125775
125776
125777
125778
125781
125782
125783
125784
125785
125786
125787
125788
125789
125790
125791
125792
125795
125796
125797
125798
125799
125800
125801
125802
125803
125804
125805
125806
125809
125810
125811
125812
125813
125814
125815
125823
125824
125825
125826
125827
125828
125829
125837
125838
125839
125840
125841
125842
125843
125851
125852
125853
125854
125855
125856
125857
125865
125866
125867
125868
125869
125870
125871
125873
125874
125875
125876
125877
125878
125879
125881
125882
125883
125884
125885
125886
125887
125888
125889
125890
125891
125892
125894
125895
125896
125897
125898
125899
125900
125901
125902
125903
125904
125905
125907
125908
125909
125910
125911
125912
125913
125914
125915
125916
125917
125918
125920
125921
125922
125923
125924
125925
125926
125932
125933
125934
125935
125936
125937
125938
125944
125945
125946
125947
125948
125949
125950
125956
125957
125958
125959
125960
125961
125962
125968
125969
125970
125971
125972
125973
125974
125976
125977
125978
125979
125980
125981
125982
125984
125985
125986
125987
125988
125989
125990
125991
125992
125993
125994
125995
125996
125997
125998
125999
126000
126001
126002
126003
126004
126005
126006
126007
126008
126009
126010
126011
126012
126013
126014
126015
126016
126017
126018
126019
126020
126021
126022
126023
126024
126025
126026
126027
126028
126029
126030
126031
126032
126033
126034
126039
126040
126041
126042
126043
126044
126045
126050
126051
126052
126053
126054
126055
126056
126061
126062
126063
126064
126065
126066
126067
126072
126073
126074
126075
126076
126077
126078
126079
126080
126081
126082
126083
126084
126085
126086
126087
126088
126089
126090
126091
126092
126093
126094
126095
126096
126097
126098
126099
126100
126101
126102
126103
126104
126105
126106
126107
126108
126109
126110
126111
126116
126117
126118
126119
126120
126121
126122
126127
126128
126129
126130
126131
126132
126133
126138
126139
126140
126141
126142
126143
126144
126145
126146
126147
126148
126149
126150
126151
126152
126153
126154
126155
126156
126157
126158
126159
126160
126161
126162
126163
126164
126165
126166
126167
126168
126169
126170
126171
126172
126173
126174
126175
126176
126177
126178
126179
126180
126181
126182
126185
126186
126187
126188
126189
126190
126191
126192
126193
126194
126195
126196
126197
126198
126199
126200
126201
126202
126203
126204
126205
126206
126207
126208
126209
126210
126211
126212
126213
126214
126221
126222
126223
126224
126225
126226
126227
126228
126243
126247
126251
126259
126266
126267
126268
126269
126270
126271
126272
126273
126274
126275
126276
126277
126278
126279
126280
126282
126288
126289
126293
126295
126300
126308
126309
126310
126311
126312
126313
126314
126315
126316
126317
126337
126338
126339
126340
126341
126346
126347
126348
126349
126350
126351
126352
126353
126354
126355
126356
126357
126364
126366
126367
126368
126376
126377
126378
126379
126380
126381
126382
126383
126384
126385
126390
126391
126392
126393
126394
126395
126396
126410
126412
126418
126419
126420
126421
126422
126423
126424
126425
126426
126427
126428
126429
126432
126436
126437
126446
126447
126448
126449
126450
126451
126452
126453
126454
126463
126468
126469
126473
126477
126479
126481
126499
126512
126514
127064
127067
127070
127073
127084
127086
127088
127096
127097
127099
127100
127102
127103
127104
127106
127107
127108
127114
127115
127117
127118
127119
127121
127122
127123
127139
127140
127141
127142
127143
127147
127148
127149
127150
127151
127159
127160
127161
127162
127163
127164
127165
127166
127167
127179
127180
127181
127182
127183
127195
127196
127197
127198
127199
127207
127215
127216
127217
127218
127219
127230
127231
127232
127233
127234
127245
127246
127247
127248
127249
127260
127261
127262
127263
127264
127265
127266
127267
127268
127269
127270
127271
127296
127297
127298
127299
127300
127312
127313
127314
127315
127316
127328
127329
127330
127331
127332
127344
127345
127346
127347
127348
127360
127361
127362
127363
127364
127376
127377
127378
127379
127380
127392
127393
127394
127395
127396
127408
127409
127410
127411
127412
127424
127425
127426
127427
127428
127440
127441
127442
127443
127444
127456
127457
127458
127459
127460
127472
127473
127474
127475
127476
127488
127489
127490
127491
127492
127504
127505
127506
127507
127508
127520
127521
127522
127523
127524
127536
127537
127538
127539
127540
127552
127553
127554
127555
127556
127568
127569
127570
127571
127572
127584
127585
127586
127587
127588
127600
127601
127602
127603
127604
127616
127617
127618
127619
127620
127632
127633
127634
127635
127636
127646
127647
127648
127649
127650
127662
127663
127664
127665
127666
127678
127679
127680
127681
127682
127692
127693
127694
127695
127696
127708
127709
127710
127711
127712
127724
127725
127726
127727
127728
127738
127739
127740
127741
127742
127754
127755
127756
127757
127758
127770
127776
127777
127778
127779
127780
127781
127792
127793
127794
127795
127796
127797
127808
127809
127810
127811
127812
127813
127824
127825
127826
127827
127828
127829
127840
127841
127842
127843
127844
127845
127846
127854
127855
127856
127857
127858
127859
127860
127861
127862
127863
127864
127865
127866
127867
127875
127876
127877
127878
127879
127880
127881
127882
127883
127884
127885
127886
127887
127888
127896
127897
127898
127899
127900
127901
127902
127910
127911
127912
127913
127914
127915
127916
127924
127925
127926
127927
127928
127929
127930
127938
127939
127940
127941
127942
127943
127944
127952
127953
127954
127955
127956
127957
127958
127959
127960
127961
127962
127963
127966
127967
127968
127969
127970
127971
127972
127973
127974
127975
127976
127977
127980
127981
127982
127983
127984
127985
127986
127987
127988
127989
127990
127991
127994
127995
127996
127997
127998
127999
128000
128001
128002
128003
128004
128005
128008
128009
128010
128011
128012
128013
128014
128015
128016
128017
128018
128019
128020
128021
128022
128023
128024
128025
128026
128027
128028
128029
128030
128031
128032
128033
128034
128035
128036
128043
128044
128045
128046
128047
128048
128049
128050
128051
128163
128164
128165
128166
128167
128168
128169
128170
128179
128180
128181
128182
128183
128192
128193
128194
128195
128196
128205
128206
128207
128208
128209
128218
128219
128220
128221
128222
128230
128231
128232
128233
128234
128242
128243
128244
128245
128246
128258
128259
128260
128261
128262
128275
128276
128277
128278
128279
128292
128293
128294
128295
128296
128309
128310
128311
128312
128313
128326
128327
128328
128329
128330
128343
128344
128345
128346
128347
128355
128356
128357
128358
128359
128367
128368
128369
128370
128371
128383
128384
128385
128386
128387
128400
128401
128402
128403
128404
128417
128418
128419
128420
128421
128434
128435
128436
128437
128438
128451
128452
128453
128454
128455
128468
128469
128470
128471
128472
128483
128484
128485
128486
128487
128499
128500
128501
128502
128503
128515
128516
128517
128518
128519
128531
128532
128533
128534
128535
128547
128548
128549
128550
128551
128564
128565
128566
128567
128568
128581
128582
128583
128584
128585
128598
128599
128600
128601
128602
128615
128616
128617
128618
128619
128631
128632
128633
128634
128635
128647
128648
128649
128650
128651
128663
128664
128665
128666
128667
128668
128678
128679
128680
128681
128682
128694
128695
128696
128697
128698
128710
128711
128712
128713
128714
128726
128727
128728
128729
128730
128744
128745
128746
128747
128748
128762
128763
128764
128765
128766
128780
128781
128782
128783
128784
128798
128799
128800
128801
128802
128816
128817
128818
128819
128820
128832
128833
128834
128835
128836
128848
128849
128850
128851
128852
128864
128865
128866
128867
128868
128869
128880
128881
128882
128883
128884
128896
128897
128898
128899
128900
128912
128913
128914
128915
128916
128930
128931
128932
128933
128934
128948
128949
128950
128951
128952
128966
128967
128968
128969
128970
128984
128985
128986
128987
128988
129002
129003
129004
129005
129006
129020
129021
129022
129023
129024
129036
129037
129038
129039
129040
129052
129053
129054
129055
129056
129082
129083
129084
129085
129086
129087
129098
129099
129100
129101
129102
129114
129115
129116
129117
129118
129130
129131
129132
129133
129134
129148
129149
129150
129151
129152
129166
129167
129168
129169
129170
129184
129185
129186
129187
129188
129202
129203
129204
129205
129206
129220
129221
129222
129223
129224
129238
129239
129240
129241
129242
129254
129255
129256
129257
129258
129270
129271
129272
129273
129274
129295
129296
129297
129298
129299
129300
129308
129309
129310
129311
129312
129313
129321
129322
129323
129324
129325
129334
129335
129336
129337
129338
129347
129348
129349
129350
129351
129360
129361
129362
129363
129364
129373
129374
129375
129376
129377
129386
129387
129388
129389
129390
129399
129400
129401
129402
129403
129412
129413
129414
129415
129416
129417
129418
129424
129425
129426
129427
129428
129429
129436
129437
129438
129439
129440
129441
129448
129449
129450
129451
129452
129453
129456
129457
129458
129459
129460
129461
129462
129463
129464
129465
129466
129467
129468
129473
129474
129475
129476
129477
129478
129479
129481
129482
129483
129484
129485
129486
129487
129489
129490
129491
129492
129493
129494
129497
129498
129499
129500
129501
129502
129505
129506
129507
129508
129509
129510
129511
129512
129513
129514
129515
129516
129517
129520
129521
129522
129523
129524
129525
129526
129529
129530
129531
129532
129533
129534
129535
129537
129538
129539
129540
129541
129542
129543
129545
129546
129547
129548
129549
129550
129551
129553
129554
129555
129556
129557
129558
129561
129562
129563
129564
129565
129566
129567
129570
129571
129572
129573
129574
129575
129576
129579
129580
129581
129582
129583
129584
129585
129588
129589
129590
129591
129592
129593
129594
129596
129597
129598
129599
129600
129601
129602
129604
129605
129606
129607
129608
129609
129610
129612
129613
129614
129615
129616
129617
129618
129620
129621
129622
129623
129624
129625
129626
129627
129628
129629
129630
129631
129632
129633
129634
129635
129636
129637
129638
129639
129640
129641
129642
129643
129644
129645
129646
129647
129648
129649
129650
129651
129652
129653
129654
129655
129657
129658
129659
129660
129661
129662
129663
129665
129666
129667
129668
129669
129670
129671
129673
129674
129675
129676
129677
129678
129679
129681
129682
129683
129684
129685
129686
129687
129688
129689
129690
129691
129692
129693
129694
129695
129696
129697
129698
129699
129700
129701
129702
129703
129704
129705
129706
129707
129708
129709
129710
129711
129712
129713
129714
129715
129716
129717
129718
129719
129720
129721
129722
129723
129724
129725
129726
129727
129728
129729
129730
129731
129732
129733
129734
129735
129736
129737
129738
129739
129740
129741
129742
129743
129744
129745
129746
129747
129748
129749
129750
129751
129752
129755
129758
129759
129760
129761
129762
129763
129764
129765
129766
129767
129768
129769
129770
129771
129772
129773
129774
129775
129776
129777
129778
129779
129780
129781
129782
129783
129784
129785
129786
129787
129788
129789
129790
129791
129792
129793
129794
129795
129796
129797
129798
129801
129803
129805
129806
129807
129808
129809
129810
129811
129812
129813
129814
129815
129816
129817
129818
129819
129820
129821
129822
129823
129824
129825
129826
129827
129828
129829
129830
129837
129838
129839
129840
129841
129843
129847
129848
129849
129850
129851
129852
130113
130114
130115
130116
130117
130124
130125
130126
130127
130128
130135
130136
130137
130138
130139
130178
130179
130180
130181
130182
130195
130196
130197
130198
130199
130211
130212
130213
130214
130215
130226
130227
130228
130229
130230
130239
130240
130241
130242
130243
130252
130253
130254
130255
130256
130263
130264
130265
130266
130267
130274
130275
130276
130277
130278
130331
130332
130333
130334
130335
130348
130349
130350
130351
130352
130364
130365
130366
130367
130368
130379
130380
130381
130382
130383
130392
130393
130394
130395
130396
130405
130406
130407
130408
130409
130416
130417
130418
130419
130420
130427
130428
130429
130430
130431
130478
130479
130480
130481
130482
130483
130495
130496
130497
130498
130499
130512
130513
130514
130515
130516
130528
130529
130530
130531
130532
130543
130544
130545
130546
130547
130556
130557
130558
130559
130560
130569
130570
130571
130572
130573
130580
130581
130582
130583
130584
130591
130592
130593
130594
130595
130646
130647
130648
130649
130650
130651
130663
130664
130665
130666
130667
130668
130680
130681
130682
130683
130684
130696
130697
130698
130699
130700
130711
130712
130713
130714
130715
130724
130725
130726
130727
130728
130737
130738
130739
130740
130741
130748
130749
130750
130751
130752
130759
130760
130761
130762
130763
130770
130771
130772
130773
130774
130778
130779
130780
130781
130782
130786
130787
130788
130789
130790
130794
130795
130796
130797
130830
130831
130832
130833
130834
130835
130836
130846
130847
130848
130849
130850
130851
130852
130862
130863
130864
130865
130866
130867
130868
130879
130880
130881
130882
130883
130884
130896
130897
130898
130899
130900
130901
130912
130913
130914
130915
130916
130917
130927
130928
130929
130930
130931
130940
130941
130942
130943
130944
130953
130954
130955
130956
130957
130964
130965
130966
130967
130968
130975
130976
130977
130978
130979
130986
130987
130988
130989
130990
130994
130995
130996
130997
130998
131002
131003
131004
131005
131006
131010
131011
131012
131013
131014
131018
131027
131028
131029
131030
131031
131032
131033
131042
131043
131044
131045
131046
131047
131048
131058
131059
131060
131061
131062
131063
131064
131074
131075
131076
131077
131078
131079
131080
131090
131091
131092
131093
131094
131095
131096
131108
131109
131110
131111
131112
131113
131114
131125
131126
131127
131128
131129
131130
131142
131143
131144
131145
131146
131147
131157
131158
131159
131160
131161
131162
131170
131171
131172
131173
131174
131175
131183
131184
131185
131186
131187
131188
131194
131195
131196
131197
131198
131199
131205
131206
131207
131208
131209
131210
131216
131217
131218
131219
131220
131221
131222
131223
131224
131225
131229
131230
131231
131232
131233
131237
131238
131239
131240
131241
131245
131246
131247
131248
131249
131250
131254
131255
131256
131257
131258
131259
131260
131269
131270
131271
131272
131273
131274
131275
131285
131286
131287
131288
131289
131290
131291
131301
131302
131303
131304
131305
131306
131307
131317
131318
131319
131320
131321
131322
131323
131335
131336
131337
131338
131339
131340
131341
131353
131354
131355
131356
131357
131358
131359
131370
131371
131372
131373
131374
131375
131376
131385
131386
131387
131388
131389
131390
131391
131400
131401
131402
131403
131404
131405
131413
131414
131415
131416
131417
131418
131424
131425
131426
131427
131428
131429
131435
131436
131437
131438
131439
131440
131446
131447
131448
131449
131450
131451
131457
131458
131459
131460
131461
131462
131463
131464
131465
131466
131467
131468
131472
131473
131474
131475
131476
131477
131478
131479
131480
131481
131482
131483
131487
131488
131489
131490
131491
131492
131493
131494
131495
131496
131497
131498
131502
131503
131504
131505
131506
131507
131508
131509
131510
131511
131512
131513
131517
131518
131519
131520
131521
131522
131523
131524
131525
131526
131527
131528
131532
131533
131534
131535
131536
131537
131538
131548
131549
131550
131551
131552
131553
131554
131564
131565
131566
131567
131568
131569
131570
131580
131581
131582
131583
131584
131585
131586
131598
131599
131600
131601
131602
131603
131604
131616
131617
131618
131619
131620
131621
131622
131633
131634
131635
131636
131637
131638
131639
131649
131650
131651
131652
131653
131654
131655
131664
131665
131666
131667
131668
131669
131670
131677
131678
131679
131680
131681
131682
131683
131688
131689
131690
131691
131692
131693
131694
131699
131700
131701
131702
131703
131704
131710
131711
131712
131713
131714
131715
131721
131722
131723
131724
131725
131726
131727
131728
131729
131730
131731
131732
131736
131737
131738
131739
131740
131741
131742
131743
131744
131745
131746
131747
131751
131752
131753
131754
131755
131756
131757
131758
131759
131760
131761
131762
131766
131767
131768
131769
131770
131771
131772
131773
131774
131775
131776
131777
131781
131782
131783
131784
131785
131786
131787
131788
131789
131790
131791
131792
131797
131798
131799
131800
131801
131802
131803
131813
131814
131815
131816
131817
131818
131819
131829
131830
131831
131832
131833
131834
131835
131847
131848
131849
131850
131851
131852
131853
131865
131866
131867
131868
131869
131870
131871
131882
131883
131884
131885
131886
131887
131888
131898
131899
131900
131901
131902
131903
131904
131913
131914
131915
131916
131917
131918
131919
131926
131927
131928
131929
131930
131931
131932
131937
131938
131939
131940
131941
131942
131943
131948
131949
131950
131951
131952
131953
131954
131959
131960
131961
131962
131963
131964
131965
131970
131971
131972
131973
131974
131975
131976
131977
131978
131979
131980
131981
131985
131986
131987
131988
131989
131990
131991
131992
131993
131994
131995
131996
132000
132001
132002
132003
132004
132005
132006
132007
132008
132009
132010
132011
132015
132016
132017
132018
132019
132020
132021
132022
132023
132024
132025
132026
132031
132032
132033
132034
132035
132036
132037
132038
132039
132040
132041
132042
132047
132048
132049
132050
132051
132052
132053
132063
132064
132065
132066
132067
132068
132069
132081
132082
132083
132084
132085
132086
132087
132099
132100
132101
132102
132103
132104
132105
132116
132117
132118
132119
132120
132121
132122
132132
132133
132134
132135
132136
132137
132138
132147
132148
132149
132150
132151
132152
132153
132160
132161
132162
132163
132164
132165
132166
132171
132172
132173
132174
132175
132176
132177
132182
132183
132184
132185
132186
132187
132188
132193
132194
132195
132196
132197
132198
132199
132204
132205
132206
132207
132208
132209
132210
132211
132212
132213
132214
132215
132219
132220
132221
132222
132223
132224
132225
132226
132227
132228
132229
132230
132234
132235
132236
132237
132238
132239
132240
132241
132242
132243
132244
132245
132250
132251
132252
132253
132254
132255
132256
132257
132258
132259
132260
132261
132266
132267
132268
132269
132270
132271
132272
132273
132274
132275
132276
132277
132282
132283
132284
132285
132286
132287
132288
132289
132290
132291
132292
132293
132300
132301
132302
132303
132304
132305
132306
132318
132319
132320
132321
132322
132323
132324
132335
132336
132337
132338
132339
132340
132341
132351
132352
132353
132354
132355
132356
132357
132366
132367
132368
132369
132370
132371
132372
132379
132380
132381
132382
132383
132384
132385
132390
132391
132392
132393
132394
132395
132396
132401
132402
132403
132404
132405
132406
132407
132412
132413
132414
132415
132416
132417
132418
132423
132424
132425
132426
132427
132428
132429
132430
132431
132432
132433
132434
132439
132440
132441
132442
132443
132444
132445
132446
132447
132448
132449
132450
132455
132456
132457
132458
132459
132460
132461
132462
132463
132464
132465
132466
132471
132472
132473
132474
132475
132476
132477
132478
132479
132480
132481
132482
132489
132490
132491
132492
132493
132494
132495
132496
132497
132498
132499
132500
132507
132508
132509
132510
132511
132512
132513
132514
132515
132516
132517
132518
132524
132525
132526
132527
132528
132529
132530
132540
132541
132542
132543
132544
132545
132546
132555
132556
132557
132558
132559
132560
132561
132568
132569
132570
132571
132572
132573
132574
132579
132580
132581
132582
132583
132584
132585
132590
132591
132592
132593
132594
132595
132596
132601
132602
132603
132604
132605
132606
132607
132612
132613
132614
132615
132616
132617
132618
132623
132624
132625
132626
132627
132628
132629
132630
132631
132632
132633
132634
132639
132640
132641
132642
132643
132644
132645
132646
132647
132648
132649
132650
132655
132656
132657
132658
132659
132660
132661
132662
132663
132664
132665
132666
132673
132674
132675
132676
132677
132678
132679
132680
132681
132682
132683
132684
132691
132692
132693
132694
132695
132696
132697
132698
132699
132700
132701
132702
132708
132709
132710
132711
132712
132713
132714
132715
132716
132717
132718
132719
132724
132725
132726
132727
132728
132729
132730
132731
132732
132733
132734
132735
132739
132740
132741
132742
132743
132744
132745
132746
132747
132748
132749
132750
132752
132753
132754
132755
132756
132757
132758
132759
132760
132761
132762
132763
132764
132765
132766
132767
132768
132769
132770
132771
132772
132773
132774
132775
132776
132777
132778
132779
132780
132785
132786
132787
132788
132789
132790
132791
132796
132797
132798
132799
132800
132801
132802
132803
132804
132805
132806
132807
132808
132809
132810
132811
132812
132813
132814
132815
132816
132817
132818
132825
132826
132827
132828
132829
132830
132831
132832
132833
132834
132835
132836
132843
132844
132845
132846
132847
132848
132849
132850
132851
132852
132853
132854
132860
132861
132862
132863
132864
132865
132866
132867
132868
132869
132870
132871
132876
132877
132878
132879
132880
132881
132882
132883
132884
132885
132886
132887
132891
132892
132893
132894
132895
132896
132897
132898
132899
132900
132901
132902
132904
132905
132906
132907
132908
132909
132910
132911
132912
132913
132914
132915
132916
132917
132918
132919
132920
132921
132922
132923
132924
132925
132926
132927
132928
132929
132930
132931
132932
132933
132934
132935
132936
132937
132938
132939
132940
132941
132942
132943
132944
132945
132946
132947
132948
132949
132950
132951
132952
132953
132954
132955
132956
132957
132958
132959
132960
132961
132962
132963
132964
132965
132966
132967
132968
132969
132970
132976
132977
132978
132979
132980
132981
132982
132983
132984
132985
132986
132987
132992
132993
132994
132995
132996
132997
132998
132999
133000
133001
133002
133003
133007
133008
133009
133010
133011
133012
133013
133014
133015
133016
133017
133018
133020
133021
133022
133023
133024
133025
133026
133027
133028
133029
133030
133031
133032
133033
133034
133035
133036
133037
133038
133039
133040
133041
133042
133043
133044
133045
133046
133047
133048
133049
133050
133051
133052
133053
133054
133055
133056
133057
133058
133059
133060
133061
133062
133063
133064
133065
133066
133067
133068
133069
133070
133071
133072
133073
133074
133075
133076
133077
133078
133079
133080
133081
133082
133083
133084
133085
133086
133087
133088
133089
133090
133091
133092
133093
133094
133095
133096
133097
133098
133099
133100
133101
133102
133103
133104
133105
133106
133107
133108
133109
133110
133111
133112
133113
133114
133115
133116
133117
133118
133119
133120
133121
133122
133123
133124
133125
133126
133127
133128
133129
133132
133140
133141
133146
133151
133152
133153
133154
133155
133156
133157
133165
133166
133170
133172
133177
133178
133179
133180
133181
133182
133183
133187
133188
133189
133190
133191
133192
133193
133194
133195
133214
133222
133223
133253
133257
133258
133266
133271
133272
133277
133282
133289
133291
133293
133294
133295
133296
133297
133298
133299
133300
133301
133302
133303
133307
133308
133309
133310
133311
133312
133313
133314
133315
133316
133317
133318
133319
133320
133321
133322
133323
134420
134427
134448
134470
134477
134484
134491
134498
134520
134527
134534
134541
134548
134559
134566
134573
134580
134587
)


// ************************************************************************* //
